82,156,1618,562,232,152,90 
54,323,443,324,444 
1408,555,19,1197,1194,50 
419,2727 
322,162,206,543,323,247,586 
82,597,84,834,835,546 
62,873,598,874,982 
591,1049,1435,1706,906,231 
261,40,342,85,432,933 
228,54,309,323,151,90 
233,61,31,895 
405,857,1863 
715,1468,10,46 
1208,143,116,556,145,1017 
239,1274,517,1876,3215 
683,595,389,303,2853 
340,40,41,775,303,2681 
130,117,892,1007,938,679 
7,264,265,266,35 
267,301,900,440,131,3787 
340,901,572,2445 
238,154,432,1068,745 
344,345,1396,346,347 
223,247,545,219,746,2445 
104,1215,777,1667,1316 
86,208,209,914,633 
1122,202,1105,80,2251,3081 
621,17,367,921,98 
45,166,148,577,275,1104 
340,712,80,714 
478,84,1025,513,675 
82,156,579,1652,1435,98 
418,343,826,344,1723 
82,748,604,1166,478,605 
1325,3788 
606,156,239,483,2049,306 
721,1094,619,521,2343,253 
82,86,1499,882,440 
598,923,1450,706,620,855 
340,40,41,2070,521,1099,1346 
189,91,411,459,413,251 
82,228,84,54,152 
189,184,195,94,413,1893 
269,1733,913,95,3305 
239,740,1636,80,1637,713 
169,404,170,837,778 
606,192,165,419,168,2402 
650,244,1704,502 
178,359,246,2087,464,2508 
161,1010,393,3678 
762,1759 
208,784,209,2279,507 
268,2071,650,244,288,2072 
910,124,661,780,781,911 
269,172,1759,3789 
631,612,309,16,230,1933 
82,196,554,637,419,382 
430,254,170,874,389,3689 
418,45,196,748,1166,53,435 
854,1142,544,169,247,100,170,164,1745 
142,37,376,1161 
82,2261,1220,1948,16 
99,143,100,101,686,102 
562,545,777,2228 
670,111,202,273,12,1165 
369,1118,817,1202,770 
82,241,361,84,169,497 
35,37,1725,2445 
18,556,779,3075,653,1559 
184,80,2251 
228,749,1104 
267,340,301,1733,3135 
633,49,2625,713,3790 
165,477,87,40,43,2070,1856 
82,621,479,45,168,163,90 
228,149,151,2865 
1450,1190,391,663,1318,3791 
554,9,1010,1985 
1049,199,704,1860 
621,637,9,419,189 
790,2294,95,1730,1799,3146 
296,653,1801,3792,2323,663 
1310,10,306,540,210,53 
209,541,542,456,386 
189,91,411,459,413,251 
109,10,265,382,149,1522 
740,497,2534,699,538,580 
472,473,476,2046 
134,1325,19,154,1559 
277,792,478,597,2492 
277,405,189,312,1832,478,190 
1033,380,1331,1332 
1,740,841,1899,3024,1869 
268,501,1854,179,421,1732 
84,117,903,1533,971,1479 
116,207,440,102,3793 
274,149,71,276 
14,431,493,1987,1919 
1943,692,1944,1398 
82,165,563,445,18,98 
661,662,663,664,665,3794 
267,157,228,261,116,824,16,303 
148,228,21,440,441,442 
328,605,509,641,3371 
149,61,54,576,1604,865 
82,142,709,84,376,238 
228,409,618,369,309,746 
267,1771,786,37,2568,1741 
181,2428,810,900,3795,2127 
111,315,659,3796 
142,2220,143,343,213 
2051,870,149,1604,865,2340 
478,84,367,19,2294,2635 
340,40,41,42,1475 
541,542,228,322,163,543,323,219 
606,223,336,275,389 
166,736,1716,761 
112,2748,3797,3798 
562,322,361,497,719 
340,125,219,16 
228,323,324,444,2053 
228,100,746,635,816 
621,1386,1387,1305,3799 
82,189,312,646,190,1311 
189,406,611,2495,54,704 
1122,117,389,449,190 
322,443,238,254 
848,14,622,16,201,963 
117,824,55,1775,2546,3111 
82,75,312,215,768 
1771,1772,143,440,389,642 
240,960,961,1315,3800 
472,473,474,475,476,2724 
1084,1354,540,53,150,2397 
669,1451,918,573,3712 
604,123,605,71 
784,313,624,195,507,785 
228,618,343,749,746,152 
914,1532 
234,71 
82,84,313,624,545,342 
1726,387,2137,2512,799,2651 
1352,117,794,402 
202,1884,35,38,204,567 
61,1002,377,1628,1629 
78,79,80,81 
633,24,1311 
193,340,918,1593 
10,148,149,1096,151,794 
82,111,1649,1843,826,1312 
182,149,1027,54,576,323 
322,238,254 
261,40,297,298,299,300 
1086,659,610,3352,3353 
208,209,377,1823 
636,479,239,86,541,542 
940,2643,111,1243,11,23,2199 
142,228,143,117,903,144 
228,54,309,323,151,90 
420,35,36,37,97,552 
479,165,721,639 
228,423,143,1542,18,144 
228,340,746,1199,837,1200 
267,2071,287,288,290 
2,3,4,5,799,3144 
480,265,209,235,1497,2942 
901,1037,303,2445,2551,2158 
754,322,207,586,389,102 
1494,1142,37,804 
561,618,449,817,804,770 
721,10,240,738,1177,275 
621,157,1058,723,521,103 
61,1748,2403,1231,1750,1751 
189,1670,2422,1919,2956 
189,83,257,1882 
10,723,724,149,2059 
142,873,430,37,19 
472,473,1848,476,2668,1254 
115,99,322,323,324,586,954 
157,40,41,2416 
411,738,340,93,94,460 
661,662,663,664,665,3300 
260,31,414,380 
351,352,353,354,355,2790 
228,338,409,23,55 
321,116,37,545,516,385 
843,117,844,818 
82,479,45,291,349,488 
265,878,83,387,37,2020 
810,313,624,195,775 
156,10,443,404,716,717 
494,1028,703,699,2782,2952 
189,313,624,1223 
99,143,100,101 
508,23,1206,248,380,108 
606,192,639,273,12,3008 
157,40,41,507,509,294,1756 
208,914,833,1315,3050 
40,1854,293,547,1421,303 
505,35,37,100,471 
27,28,315,388,1687,1688 
228,149,54,309,151,152 
575,10,148,228,149,151 
322,903,586,1015,214 
549,16,55 
208,209,99,1443 
1372,2163,2023,102,345 
82,84,112,863 
1194,126,3314,3220,3221,3801 
301,178,1854,1768,95,626 
661,3395,662,663,664,665 
1,1470,40,155,625,1952 
1395,1873,126,344,3165,1138 
137,407,1077,139,140,985 
264,35,37,1725 
306,260,369,309,144,370 
54,116,323,443,324,444 
82,479,45,870,1834 
961,1086,824,1315 
740,117,1869,1636,1627,713 
35,36,37,97,100,471 
767,215,421,384 
261,603,1004,299 
181,477,9,10,87,1405 
1345,431,2304,303,3513 
618,867,95,1385 
82,67,1195,1196,2293 
267,40,41,42,314 
1002,448,2527,3802,1624,2344 
62,61,430,143,1317,2079 
165,166,306,84,1020,1238,3803 
327,100,71,509,2779 
159,736,761,2787 
47,404 
490,78,3561,1311,751,752,826,80 
67,763,842 
2151,618,195,749,14,3078 
189,393,117,1957,801 
480,123,232,3577 
178,343,1311,1312,344,345,346,347,348 
54,116,323,443,324,444 
1220,1948,608,1000 
771,565,1004 
228,54,903,100,764,95 
193,2068,2033,1343,3191,3507 
428,215,1,245,246,1600 
366,1744,440,587,954,640 
562,233,307,163,71 
37,545,19,1085 
709,116,605,404,755 
597,834,835,1376,1377,1268 
562,322,361,363,719 
82,157,196,158,123,159 
1406,1405,1305,546,2043,2274 
189,428,429,430,217 
321,366,323,324 
322,443,238,254 
1002,448,449,1076 
54,117,824,55,1775,2546 
661,662,2048,663,664,665 
419,1094,528,91,2224,2022 
128,130,429,1884,1276,2509 
267,228,309,794,441,6,56,57 
202,143,37,18,169,170 
268,202,408,280,367,358 
540,53,728,1556,2367 
309,3695,2547 
1033,1917,1331,1332,931,3371 
189,226,1577,801,1701 
312,182,228,149,61,151,1604 
1,929,40,41 
207,586,102,954 
10,228,149,1104,151,78 
82,84,54,206,212 
165,45,166,148,83 
37,944,1620,858,3107 
418,340,1439,1266,303,95,826,1723,345 
670,111,314,43,2802,2951 
84,835,117,1198,472,906 
193,2068,340,1343,1349,3191 
99,143,100,101 
82,75,122,118,36,1458,958 
477,123,957,2060 
54,152,794,1859,2691 
267,1347,918,1923,1593,1155 
184,2648,741,730,756,2804 
123,83,740,1106,968 
82,1094,2224,94,2480 
122,222,61,31,380,1127 
45,260,46,275,927 
322,323,443,324,444,586 
606,192,165,419,462,168 
1,40,650,2225,1624,3150 
267,260,753,54,195,1300 
99,100,101 
161,575,54,577,323,151 
562,1074,31,588,262 
129,748,9,419,189,478 
157,1,31,234,380,2502 
45,46,1353,292,724 
268,35,36,37,97,38 
277,382,223,383,14,2476 
910,1924,509,173,174,3804 
301,900,302,913,616 
619,1353,23,1285,2707,783 
387,579,1426,390,1427 
62,142,228,143,591,116,144,1017 
1084,674,46,540,61,53 
37,376 
1494,37,804 
82,621,709,1024,61,404 
228,725,149,61,1104,151 
233,31,100,1036,1472 
158,168,857 
169,367,1007,1008,613,680 
82,91,3805,3806 
46,183,149,1487,61,771 
710,2328,661 
62,37,1263,982,2853,3792 
306,73,335,597,540,149,61,633,53,375 
148,1640,249 
1075,942,1533,1479,2193,999 
117,35,36,37,718,1467 
597,84,280,810,313,624,1345 
82,338,172,384,3497,1324 
54,116,323,443,324,444 
1093,362,404,586,755,497 
40,303 
597,494,162,219,1438,221 
1347,430,117,1143,938,1384 
382,149,61,323,151,152 
591,18,556,779,3075,653 
1091,415,233,31,163,2020 
329,509,565,641,1506,1507 
810,313,624,1345,172 
1002,448,449,1076,2484 
172,1733,3349 
301,779,1475,271,3264,626,1894 
45,480,8,241 
62,1877,11,23,2902,3807 
40,41,829,303 
82,202,84,131,522 
82,87,333,362 
10,260,1671,576,309,440,816 
306,46,540,149,61,1952 
940,636,941,419,1876 
261,797,3061 
340,40,1146,294 
62,14,198,3695,2028,3808 
111,273,1510,341,64,825 
756,2045,3809 
45,260,1458,957,78,2080 
477,445,111,14,112 
618,389,152,1385 
1642,836,885,475,476,1875 
62,1772,2220,143,343,2221 
1345,3091 
10,149,462,2159,1087,2532 
117,3137,1195,1196 
1463,419,189,3568 
709,1024,1477,1901,134,404 
322,169,587,102 
340,31,545,1851,380,3061 
148,823,144,440,151,152,927,441,1823 
483,306,487,46,70 
715,418,161,333 
754,84,169,404,207,1188,1189 
1033,1331,1332,3371 
82,792,478 
195,481,976,514,384,3437 
196,166,508,212,954,1215 
562,709,154,1523 
338,457,1285,262,663 
189,228,149,61,577,310,705 
530,165,1911,562 
82,277,73,877,478 
702,309,323,440,151,704,957 
260,223,233,105,1343,76,1309 
62,142,116,100,1219 
597,835,2217,836,1847,3810 
148,793,576,746,151,794 
193,62,998,1087,23,1019 
411,261,92,93,94 
296,1,472,473,475,476 
322,323,443,324,444,586 
261,301,40,178,1854 
54,206,207,1120,1840 
340,930,40,42,357,745 
1084,419,638,167,123,2694,1209,388,944 
1300 
67,946,107,1428,781,2521 
351,1529,352,353,354,355 
219,1439,164 
196,158,1354,1355,235,1356 
631,10,74,382,123 
1129,218,162,1744,219,221 
143,591,37,100,144,2281 
184,3036,3037,2719 
115,591,1049,144,2709,2019 
541,542,206,543,586,587 
566,528,411,439,94,529 
810,624,43,1397 
2083,75,706,303,1793 
115,321,99,322,323,324 
148,562,563,1502,275,635 
181,1010,1166,540,2961,2464 
228,162,101,144,15,102 
260,46,224,389,71 
1903,1334,1578,1667,2550 
143,366,37,404,144 
10,148,149,150,151,152 
940,941,419,461,61 
84,313,624,1564,1001 
494,351,316,646,644,352,353,354,355 
405,407,753 
335,540,149,21,1556,1448 
1463,264,137,138,2151,896 
650,1262,1887,3811 
82,479,181,9,870,540 
122,80,1066 
604,562,233,605,71 
111,650,1462,1691,2772 
1185,1651,663,1814,911,1229 
40,41,314,2663 
261,144,871,3507,1593 
1877,1028,119,120,1558,121 
61,47,576,746,151,152 
448,1488,1118,1490,3560,2597 
109,100,106 
1174,2400,1502,275,1929,1175 
790,216,95,3812 
122,215,118,117,958 
1590,125,618,817,770 
779,38,553,154,391 
10,1354,724,1487,53 
61,835,3053,1205,2271 
169,404,170,164 
604,40,41,435,625,1358 
260,71,509,1339,2878 
369,701,1079,2672 
161,575,54,576,577,323 
71,1367,402,106,2871 
10,149,61,54,323,151 
128,264,561,123,1459,1027,2841 
301,32,37,421,2854 
349,163,488,936 
264,2540,1697 
45,260,46,61,927 
854,37,100,154,1639 
82,84,315,646,647 
621,1058,723,521,303,103 
62,128,1463,566,405,681 
1470,762,833 
267,166,503,370 
192,193,264,639 
63,23,1523,297,1585 
82,1310,1181,991,329 
142,209,914,342,103,3061 
239,2088,877,269,1759,1958 
54,100,152,2545,1616 
1,1642,1967,885,475,476 
260,87,261,31,262,380 
477,232,372,750,514 
46,47,837 
149,70,151,1604,865,403 
100,967,164,2405 
10,148,228,149,404,2080 
1556,510,771 
45,477,333,361,1024,1458 
621,636,133,134,135 
128,130,805,598,1263,2786 
483,10,291,149,254 
644,2826 
445,618,117,749,152 
709,1542,18,653,154,1474 
312,338,23,1916,2812,3475 
61,1002,377,1628,1629 
157,309,16,764 
129,477,84,35,36 
333,709,1093,238,378 
189,404,101 
1,650,16,297,3012 
463,503,1322,126,1323,1324 
1027,445,25,2641,2642,1052 
162,100,424,2089 
165,477,1301 
810,269,195,900,3451,3189 
509,2545,332 
268,892,736,320 
109,1478,1024,1142,37,1970 
240,228,709,70,152,816 
1311,1312,345,346,348 
206,207,586 
1,930,435,141,295 
2279,484,874,342,982 
1035,722,10,149,1286,2730 
1403,1528,1737,580,1741,2541 
505,420,215,202,36,552,217,679 
206,207,586,1606 
95,946,107,1428,781,2521 
2336,153,1263,190,3120 
45,260,46,549,577,1839 
117,37,819,945,1466 
129,1142,35,97 
184,185,186,187,188 
338,340,618,749,23 
122,340,1315,2945,386,3813 
754,1091,169,404,990,588 
148,228,53,2173,151 
361,1024,169,404,1523,276 
808,1677,2252,2446 
2261,419,570,167,461,2694 
750,548 
82,84,54,162 
336,1334,1922,1777,1409 
193,267,682,671,918,1349,1593 
633,448,1488,272,2512,799 
639,61,1785,504,2381 
419,372,1232,2455 
2557,639,3047,2558 
189,1483,494,61,200,801,1701,692 
35,37,97,100,471,98 
722,723,2159,1673,305 
267,388,65,1951,3814,3815 
184,1462,256,14,373,258,644,1365 
129,477,9,189,84,545 
569,45,477,46,47,275 
138,629,738,459,94,2103 
74,222,61,1343,380 
43,661,1644 
1065,474,475,1875 
130,423,35,37,679,204 
62,264,681,2337,598 
621,73,260,135,224 
133,134,456,136 
71,509,771 
1,935,899,2659,548 
494,577,746,235,152 
1125,1523 
767,261,172,1799,2695,1155 
239,1274,3215 
157,611,159,54,309,704,1495 
296,40,297,298,299,300 
82,1094,2837,92,1293 
407,37,1961 
1642,472,473,474,475,476 
45,161,540,2510,210 
143,591,1049,556,144,214 
483,45,477,480,10,435,1439 
10,724,149,2159,2173,2532 
340,618,343,749,151,152,704,191 
566,1657,94,1534,201,2525 
99,18,404,100,101,102 
82,228,322,1898,206,586,1806,152,1495,954 
854,315,367,38,920,921 
740,763,841,899,842,469 
306,1011,440,2717 
267,834,40,314,472,3816 
576,369,746,152,191,1193,1343,739 
488,106,565,1106,1064,108 
508,404 
1407,80 
37,608,2674,3036,3388 
10,149,1988,1392,2728 
937,1470,40,2094,3433 
123,63,111,1576,23,1754 
67,829,23,524,625,2671 
233,369,577,1220,152,1495 
41,195,603,946,1303,3164 
261,40,41,2314,314,642,521 
10,182,149,61,576,151 
82,322,84,366,1380,2214 
70,1300,1331,1332 
9,834,835,647,2223,2157,1717 
393,2439,1483,178,977 
149,61,755,2704,151 
1590,1478,37,404,1970 
183,123,878,1243,576,19,1439,1469 
111,1967,580,2772,1625,1803 
1352,301,94,625,946,2179 
387,545,746,390 
2301,490,1311,2587 
10,149,61,54,1104,151,191 
184,232,198,838 
327,1656,931 
40,141,95,2649,2091 
80,1066,732 
82,530,1094,901,93,1439 
84,366,1405,1710,2822,2595,2823 
165,418,149,275,435,1754 
67,763,840,1650,469,3817 
371,644,1465,1503,400 
10,149,61,1104,151,152,191 
311,181,183,336,117,882 
184,736,503,2793 
23,1749,2642,1128,3818 
387,1662,833,390,1800,1864 
122,930,40,41,195,1012 
1642,1145,808,380,1300,263 
62,130,1142,598,35,36,37,38,154 
100,509,248,1977,276,2285 
530,713,2941,1383 
1301,222,562,233 
163,404,102,164,1038,221 
62,143,18,1325,923,1969,2976 
234,325,195,71 
1403,1122,23,2017 
228,323,443,324,444,455 
2909,1352,261,40 
10,306,540,149,61 
418,607,2322,576,577,816 
482,6,1975,299,3819 
122,387,389,799 
327,53,2464,71,643,90,2136 
62,128,111,116,14,685 
709,18,653,154,1474,471 
166,1094,517,168 
35,36,37,389,567,303 
31,545,414,95,380,1472 
267,40,402 
268,159,552,620,855 
196,166,75,929,1684,245,449 
1118,849,1225,2024,1707,3275 
848,1058,281,282,2830 
381,382,383,384,385,386 
123,83,571,3204,5,2432 
322,786,366,207,755 
366,1288,37,497,1452 
748,487,1354,70,275,1448 
40,2225,2660,509,2179 
82,264,410,94 
67,618,369,816,817,770 
479,483,122,124,125,275 
730,1384,2586,1779 
82,142,1053,1054,225,226 
322,116,443,586,212,587 
1406,1896,448,3369,3039,3370 
100,101,303 
133,134,456,136 
157,541,542,709,361,362,1,163,303 
267,429,19,1276,1263,907 
62,143,37,100,213 
1352,251,2133,253 
163,404,164 
556,288,358,180 
82,268,84,35,556,359 
240,638,1104,816,817 
910,303,661,780,781,911,3820 
157,419,461,2700 
117,2393,840 
639,856,1304,833,2043,1407 
82,621,239,407,139,140 
156,277,75,792,122,2476 
508,1815,635,426,2334,1795 
261,301,2124,294,3821 
123,117,448,377,449,2286 
1468,233,462,224,957 
233,224,1005,1006 
591,1049,360,906,2869 
344,345,2162,346 
1854,1685,69,509,331,332 
604,1642,206,1218,1381,1641 
143,366,37,169,170,497 
1098,378,797,77,1321 
477,721,562,1354,90 
196,166,206,207,586,1413,954 
189,1077,702,309,152,704,705 
122,340,163,380 
267,322,144,918,1349,1923 
1917,263,1641 
94,413,251,625 
281,1620,1920,3598 
661,662,663,664,665,2880 
407,215,36,38,1495,2927 
1726,1162,185,2838,1479,1836 
633,598,925,620,1513 
604,1328,149,605,275,2038 
260,31,117,414,380 
930,40,43,271,433,1712 
82,84,54,576,309,736 
208,209,1093,1367 
228,338,55,303,339 
382,1355,516,3048,386 
381,1162,736,2787 
267,40,41,293,294,1540,2370 
1354,159,746,164 
59,228,404,816,770,2817 
233,493,2549,963,1480,1917 
1203,1204,1278,1205 
74,75,67,215,245 
143,591,1049,1652,556,1017 
67,215,245,246,1600 
321,116,37,516,102 
740,1168,712,713,743 
940,910,338,111,1087,431 
486,45,10,306,562 
621,722,10,149,462,2159,1286,1287 
1,301,1733,3091,2331,2601 
189,1483,929,977 
62,143,591,116,144,1221 
128,980,14,1227,1228,1012 
477,312,232,372,373,514 
312,415,31,588,1005,380 
639,195,117,431,503 
1025,14,341,547 
722,183,149,1027,305,2581 
82,45,721,335,53,1744 
941,549,1086,1088 
143,116,556,1017,704,360 
70,449,1118,817,770 
296,404,164 
2068,340,1923,1593 
650,244,37,695,2848,689 
143,37,169,170 
490,171,1311,2098,79,80,2937,1724 
632,100,1206,1064,1667,2609 
1024,1901,362,404,3822 
554,562,322,149,61,594 
9,387,117,37,746,933 
619,412,1,2179,3823 
779,38,553,154 
196,166,64,119,1687,3824 
82,1185,84,1244,1915,421 
46,149,275,488 
322,195,947,363,1584 
2643,1,1285,509 
311,721,9,10,117,447 
637,189,226,1939 
267,260,753,309,23,339 
1542,18,779,154,1474,1476 
483,45,477,183,562,53 
267,810,40,314,509 
143,18,1325,923,1969,2976 
268,35,97 
165,1499,419 
45,46,59,60,611,612 
260,228,369,169,105,796 
10,1094,91,1292,328,93 
834,835,1268,1767,2677 
367,2226,80,2252 
267,67,247,164,6 
156,45,10,562,149,435 
115,111,116,14,1716 
387,6,799 
54,824,323,953,584,2977,3607 
261,983,1201,1652,1381 
1590,1494,37 
59,60,509,402,248 
340,871,294,2447 
621,889,162,219,221,3102 
86,45,260,46,2163,1556 
137,138,440,139,140 
709,1024,1477,1901,134,404 
206,443,701 
149,763,1662,2512,1202,1796 
1548,3090,3142,2831 
554,562,322,169,594 
1470,314,43,190,1152,3825 
169,247,404,164 
1058,301,40,775,303,2463 
597,834,835 
2961,976,1369,344,2966,3826,3827 
1453,1093,71,509 
306,240,724,563,1487 
854,404,771 
1294,1608,112,1255,2385,3585 
762,763,95,548 
196,166,67,124,125,503 
792,215,494,61,323,746 
189,54,309,736 
477,445,313,269,172,947 
181,87,83,2464,1369 
184,730,707,3304,1051,2272,2764 
1035,383,372 
910,341,509,946,781,663,911,3771 
183,245,389,390,798,1951 
938,364,572,355,2213,3130 
619,38,677,200,253,2992 
286,2006,1151,1437,712,2007,713 
10,182,149,61,53 
477,10,487,570,561,148,1354,793,847 
161,1010,393,374 
561,31,545,414,380,1472 
277,381,189,223,646,318,3193,2771 
1070,670,1017,24 
738,228,309,794,764,6 
148,251,1331,1332 
157,922,389,94,794,464,1574,568 
129,202,1143,131,506 
109,361,362,1,978 
261,40,234,334 
321,516,102,3032 
1024,378 
461,1458,1583,751,1663,2947,1843,826 
509,1367,107,565 
162,100,164,424,2089,1893 
189,228,149,1219,152,2050 
157,301,40,197,432,433 
159,40,178,1854,797,433 
62,14,144,1981,3828,3674 
157,40,41,913 
281,1203,1195,1196,1138 
650,14,545,1485,904 
323,324,586,238,953 
10,210,53,1556,389,3253 
1094,91,561,123,1280,462,608,1448 
243,501,2360,1986,3026 
1077,618,749,152,2465 
82,84,35,37,132 
261,40,314,2285 
128,142,237,116,1968,2221 
1165,1480,248 
74,2439,428,2440,215,652 
82,156,648,244 
1347,556,95,1349,1593 
322,54,162,576,37,206 
606,240,336,1754 
184,163,543,247,586,431 
930,95,1492,2573 
157,159,243,244,1443 
267,910,509,946,2184,1428 
367,545,736,923,646,647 
10,540,976,2727,389,1369 
184,117,808,1677,2252,2446 
367,319,1056,272 
16,1311,79,80,2233,2138 
1590,1494,37,100 
1294,472,906,2639,2365 
148,228,169,100 
157,10,159,261,213,424,2089 
419,274,338,5,883,1152,1362,3829 
327,1374 
479,165,1009,2439 
369,746,190,191,2300 
128,429,980,1423,1424,1425 
914,35,1021,20,399,3317 
2648,369,309,431,625 
247,213,164,616 
75,929,501,2264 
10,306,46,724,1238,1021 
611,228,338,1,309,23 
45,477,333,361,1024,496 
222,228,159,54,116,986 
196,166,83,117,404,100,389,164,1038,535 
477,10,487,570,561,148,1354,793,847 
182,233,70,443,755 
1035,10,724,149,508,151,1918,1367 
82,156,1718 
910,946,934,781,1506,249 
541,542,543,443,238,219 
195,169,207,586,755,100 
82,181,9,2366,1166,540 
37,1550,414 
62,138,1129,1077,202,1633 
10,99,149,61,54,824,367,323,152,2977 
10,562,228,61,224,1178 
261,301,1021,626 
156,157,158,123,159,1502 
910,185,3060,1389 
156,74,117,36,3830 
301,1818,947,775,1079,1334,1820 
834,835,1418,1268 
740,555,1418,1168,1627 
940,189,393,111,462,61,16,2421 
631,9,10,158,372 
715,149,404,154,716,717 
10,638,148,576,151,794 
128,419,681,189,287,1773 
604,605,71,1473 
35,36,37,100,471,718 
82,1243,1458,1663,79 
9,189,741,77 
239,1181,149,1842,826 
82,1010,561,168 
423,35,37,229 
335,149,61,336,440,375 
404,2334,716 
111,12,14,1165 
381,382,383,384,385,386 
767,420,215,1185,421,509 
67,762,763,548 
722,10,723,724,149,254,1179,2321 
1726,111,1405,1439,1000 
82,161,1354,750 
267,548 
122,70,449,1118,817,770 
721,228,149,100,151,441 
228,266,149,1104,151,3831 
178,245,1685,3501 
184,1458,509,2104,1916,175 
267,40 
487,124,40,41,512 
82,192,311,561,117,919 
528,738,1095,459,94,413 
598,923,1450,706,620,855 
45,306,46,149,276 
541,542,322,366,163,543,323 
189,1408,366,1620,1621 
1542,18,779,154,1474,1476 
143,591,145,1622,1343 
1341,1588,1082,1342,663,2451 
228,577,100,441 
206,207,586 
202,873,430,143,37,2117 
193,157,917,195,918,919 
338,518,389,402,759 
709,322,443,755,1413 
709,598,117,1563,203,567 
10,723,724,149,150,729 
561,111,650,14,492 
862,55,6,760 
1597,232,373,190 
264,1406,137,138,1129 
9,420,179 
477,87,111,112 
1380,818,691,1190,1819 
169,404,967,1078,164,303 
327,123,296,71,2209 
161,306,382,336,168,1011 
161,10,222,223,462,336 
366,37,18,376,238 
239,138,1876,1786 
123,148,878,576,19,1439,817,1469 
621,233,2602,163,224 
267,189,261,1349,3191,3507 
944,1617,939,2618 
195,117,963,808,1283,809 
910,724,40,41,829,303 
723,149,549,2249,2532 
157,1468,541,322,361,159,362,1,323,350 
709,18,19,1257,154,1474 
109,159,1615,106,744,2616 
854,542,544,169,247,100,170,164 
189,639,437,1809 
82,1075,84,1965,141,1924 
46,599,89,424 
62,484,1325,19,342,3000,3031 
1125,871,1051 
940,1311,1663,2098,345,2110 
393,111,14,545,1716,833,1800 
40,2070,913,95,3346 
10,182,149,53,1439 
10,148,228,3375,53,151 
157,929,40,41,195,1498 
1,40,41,195,389,946,2521 
1615,100,164,1038 
1010,1094,1293,1861,251,1856 
17,27,123,1587,545,377 
709,340,70,286 
161,1010,540,462 
123,549,111,1243,351,2137 
505,202,36,556,131,2398 
196,166,970,1533,819,388,2193,945,761 
184,232,3193,2028,3364,2437 
738,148,1095,927,2879,3083 
483,165,196,10,240,296 
854,1542,154,1474,1475,3832 
1208,338,1185,2328,1714 
834,1378,1268,836,906 
367,19,2294,2635 
156,877,878,83 
315,316,37,646,270,677,1401,800,1947 
37,1256,1552,3833 
196,67,406,611,124,149,125,309,191,986 
541,542,296,233,330,1777 
82,1094,870,412,1293 
122,40,41,119,120,521,2383 
45,327,46,1458 
104,1328,1093,510,1922,108 
587,1159,588 
264,393,639,415,517,1740 
181,1483,84,810,68,3028 
636,419,24,751,3362 
142,202,366,37,376,404 
82,156,483,480,2049,1144 
494,879,37,2223 
404,164,220 
62,429,12,736,368 
82,268,215,84,37,422 
82,84,880,37,920,102 
327,301,6,1492,625,2671 
566,528,619,439,94,529 
45,306,604,46,605,746,235 
82,84,13,247,449,1336 
767,420,215,937,1185,421 
381,37,963,3834 
82,569,45,10,53,47 
722,10,723,724,149,527 
561,411,738,93,94 
45,46,123,149,1834 
47,404,100 
606,165,161,1010,87 
487,75,261,526,1960,3835 
40,2070,432,95,1307 
715,382,148,149,151,766 
84,624,172,3131,2109,3836 
218,349,1903,1656,1922,1339,1667 
189,843,117,844,845,818 
196,877,878,83 
228,323,443,324,444 
158,281,1203,1195,1196,3837 
340,70,404,1118,770 
393,494,824,1054,736,227,1528,199,1529,368 
1104,3838,285,3839 
477,123,1458 
178,343,1311,1312,344,345,346,347,348 
122,228,618,749,2066,1508 
202,35,36,38,471,98 
434,116,100,558,497,1697 
611,612,309,238,704 
723,724,149,150,2196 
228,149,61,1104,152,191 
291,228,702,54,309,704 
1010,570,382,167,374 
1630,1802,3066,2039,1816 
10,148,228,2078,151,1486 
267,80,1066 
82,1360,1145,833,1146,1147 
196,166,74,903,556,38,245,916 
312,123,2529,2645,2646 
407,618,54,1838,1840 
189,130,429,597,153 
45,149,276 
82,122,1798,215,118,84 
1718,84,243,501,1209,970 
477,9,10,183 
608,840,2660,841,1051,842 
367,779,38,1257,546,1176 
257,398,2202,1187,2579 
3397,418,277,73,792,2492 
1550,3422,1322,3653 
80,1066 
562,328,329,248,946,249 
267,301,40,195,913 
541,542,206,543,443,755 
190,390,2140,1564,525 
195,763,945,1488,2512,799 
1618,181,312,184 
82,84,2335,448,377,449 
1,40,41,1469,106,1346 
109,182,361,1024,159,362,261,1,1367,276,719 
767,74,75,245,303 
1075,971,1965,141,1924,1966 
82,333,104,1093,84,169 
487,1,1470,40,512,625 
38,979,98,506,1586 
62,75,862,111,768,1165 
669,530,194 
1086,672,3712,1637 
45,10,562,61,435,1369 
82,84,451,1526,3096 
54,824,55,1775,2546 
182,183,228,149,445,151,496 
562,233,307,1823 
21,31,262,263,895 
75,336,1,421,190,3044 
206,324,207,586 
914,2248,2517 
1087,3840,293,2662,3841 
142,228,423,544,824,37 
488,380,1300 
408,1135,580,2952,2373,3724 
10,123,149,61,117,219,151,771 
1615,163,404,164,1038,2141 
10,327,274,46,117,975,1362 
476,692,3761 
82,143,84,213 
1301,631,123,562,549,90,1448 
157,40,41,172,329,253 
1270,856,424,368,282,2830 
109,1903,2378,3089,719 
1185,37,657,3501,1190 
157,296,508,435,1131,108 
182,709,233,70 
483,477,10,322,1027,135 
129,315,881,367,38 
1010,312,336,53,224 
179,359,105,564,448 
82,393,2163,1595,608,1568 
142,143,824,169,556,100 
62,116,918,1593,3519 
10,723,312,149,462,2249,2532 
18,556,779,3075,653 
40,297,1585,1634,299,300 
941,493,2259 
45,59,60,611,612 
148,149,61,54,151,794 
810,313,624,507,363,625 
530,1074,1075,1432,571 
22,23,126,78,1749,2849 
189,404,101,102 
178,366,736,762,1770,1551 
1077,340,702,343,309,323,152,705 
843,117,844,845,818 
1620,1942,1749 
189,162,404,219,101,102 
327,233,224,389,1130,1473 
45,46,70 
562,415,2402,2505,329,509 
2080,344,345,1638,3167,347 
82,181,1776,183,333,361 
463,503,1322,2547,1324 
2083,74,216,2081 
477,10,389,441,2122 
434,71,2612 
541,542,914 
340,80,1066 
158,885,1643,475,476,1875 
189,873,430,1678,874,497,270,1451 
189,683,2008,2175,2009,3842 
722,10,723,149,61,2268 
1477,261,40,41,271,627 
1185,6,1714,663 
883,712,2007,713,1727 
197,1545,841,1151,126,712 
10,148,228,149,576,151,2291 
420,215,564,580,2514,2298 
1436,303,467,468,470 
914,540 
233,47,224 
82,621,169,1007,613,1239 
111,237,12,1071 
82,74,428,215,652,549,245,388 
247,100,164 
223,494,117,577,545,746,152 
135,543,443,247,404,746 
366,37,18,376,100 
1174,178,358,582,583 
1,313,172,2332,1702 
243,501,37,558,1609,3843 
228,576,746,152,816,817 
411,738,261,93,460 
129,505,38,923,729,1175 
562,322,169,594 
277,792,478,599,2492 
1162,1163,2390 
338,71,16,808 
723,340,728,521,2452 
312,1635,87,1075,571 
218,349,40 
109,157,31,545,414,380 
636,419,393,917,650 
547,509,3844,3845 
972,344,345,346,1357,347,348 
910,341,5,509,946,1358,781,663,911,665 
323,324,586 
62,683,212,190,2604 
222,562,233 
100,16,1343,808,1640,1830 
111,14,509,2748 
940,941,419,724 
709,824,55,1774,1775,2546 
1408,736,448,449,838 
10,738,61,440 
45,738,149,2810 
232,1824 
189,1122,1605 
496,548 
1352,272,2884 
631,935,899,2659,548 
261,1896,1109,882,3040,1783 
109,157,40,509,402,106 
335,46,59,60,965,1432 
562,1074,1432,31,329,263 
896,149,61,152,191,1193 
222,1027,31,380,895 
100,1939,3069,1757 
240,183,228,224,816,817 
202,37,376 
366,116,18,497,2534,2324 
189,1480,248,1339,469 
621,1091,233,2602,135 
381,546,293,547,1466,2649 
100,15 
116,580,1697,77,3020,3298 
415,322,117,263,417 
562,415,2505,509,263,107 
621,261,301,269,3451,3846 
340,624,314,95,2716 
569,265,240,632,1647 
537,1262,389,2608,3062,3063,1643,1384 
503,6,3639 
54,116,323,443,324,444 
264,75,2071,2493,620 
189,91,1291,846,61,117 
965,2640,23,608 
366,206,207,586,1219 
196,166,268,421,422 
10,148,724,149,151,794 
82,1094,528,91,1280,1439 
67,124,1064 
267,40,2189,1773,2383,797 
267,301,71,691,1492,626 
234,796,357 
267,562,415,1689,1064,1690 
10,46,702,47,309,2866 
99,84,624,101,775,2769 
1209,1617,200,2287,713 
84,1135,1275,2520 
9,1934,388,450,3193 
159,125,261,16,1438,221,988 
82,479,86,1112,1353 
941,419,462,1531 
910,341,5,509,946,2679,781,663,911,665 
393,148,100,94,413,251 
82,2837,2224,93,1293 
46,562,415,233,224 
240,228,124,125,309,816 
715,518,1075,571,341,1802 
2290,761,712,713 
542,423,1003,164,424 
1558,2672,2693 
434,71,642,402,106 
99,404,212,219,101,831 
661,662,663,664,665,2630 
306,222,70,1331,1332 
228,149,577,309,323,144,704,986 
327,46,224,71 
233,31,224,100,1036,1472 
277,233,61,929,163,414 
189,448,773,200 
1671,149,47,151,816 
2492 
183,123,228,878,576,85,1469 
322,366,586,755,100,700 
709,149,163,821,275,2038 
730,608,126,2944 
914,847,589,640 
128,130,117,14,16,2323 
10,723,724,149,2196 
102,164,796 
215,36,370,3518 
166,306,240,58,59,60 
228,1,14,309,152,23,1633,1775,1807,2368 
18,556,779,653,1476 
340,125,163,380 
122,160,80 
1144,3803,301,947,271 
206,404,1218,102,103 
268,125,929,245,2438,653,98,460 
1462,68,117,69,1451 
264,37,1289,3343 
82,84,237,197,44,1071 
405,407,428,1495 
1,301,1470,41,942 
2151,618,749,3565 
2056,100,1266,424,560,1337 
528,91,738,94,529,3233 
1185,6,1591 
124,343,1439,1266,303,826,344,345,1390 
479,45,46,275,71,276 
228,84,323,443,324,444 
2088,261,40,557,2070,1346 
479,600,1468,189,517 
143,366,116,37,169,212,213,214 
910,341,946,781,911,3699 
321,1605,149,516,230,1207 
322,586,212,755,587 
1798,215,303,3518,690 
935,899,303,2659,548 
184,633,3036,3037,2719,3038 
536,75,215,172,317,564 
45,10,274,46,242,149,276 
111,13,105,849,850,1225 
409,618,13,369,449,867 
82,767,215,84,421,23 
1185,1450,1927,663,1014,911 
611,87,54,309,16,1807 
129,1142,35,97 
702,309,323,1087,144,440,151,705 
40,432,6 
269,1725,944,1581,2575 
159,840,899,469,2867,548 
243,244,501,1234,1566 
479,165,27 
410,411,1095,93,1439,460 
13,849,850,1225,1041,2024 
740,555,841,743 
82,156,562,54,152,90 
910,1689,1720,1740,2012 
480,1279,273,3008,1948 
2051,382,148,149,151,766 
70,586,587,151,817,953 
929,1854,947,2304,626,2264 
322,238,1445,640,3847,103 
192,669,639,1483,725,3170 
621,189,40,876,414,95,833,1540 
606,477,336,810,496 
82,62,84,981 
1343,248,1331,770,3848 
82,84,18,100,219,101 
1715,14,372 
327,642,1130 
280,1597,232,373,1516 
639,473,437,504,1809 
1301,631,123,549,11,1448,808 
631,548 
1615,100,164,2141 
382,369,151,191 
1002,117,2157,794,190 
260,330,2136,968 
82,2261,78,751,752 
208,914,597,342,1437,1400 
82,569,27,315 
111,650,256,14,112,2385 
361,340,362,261,796,719 
306,189,46,224,976,364 
228,409,618,369,309,151 
157,40,41,195,314 
157,67,99,149,882,952 
123,366,37,376,238,1961 
834,1376,1377,906 
335,879,316,1345,317,1204 
597,834,835,1376,1377 
1094,411,1280,459,94,413 
86,165,161,183,83,446 
228,322,323,443,324,444 
540,100,746,634,3681,3849 
265,833,1523,3850 
116,18,100,219,101,831 
157,122,228,576,734,2328 
267,228,824,16 
810,315,388,320,2411 
45,721,10,562 
228,618,369,746,152,55 
165,569,9,10,73,597 
117,100,534,1068,1562,2612 
82,143,84,116,556,145 
1,1642,1967,885,475,476 
184,730,3155 
122,618,13,110,1796 
99,84,856,366,404,101,151 
169,19,1007,497,2392 
366,14,497,3256,2857 
228,1,746,1199,837,1200 
128,165,264,2363,1772,153 
189,1094,846,61,117,251 
10,148,228,1355,21 
182,87,149,577,152 
748,487,46,549,70,275 
184,315,44,886,1515,3150 
1084,340,1185,388,389,1246 
819,820,821,199,822,3364 
562,1074,329,262,263 
228,309,847,152,764 
486,10,148,228,149,404 
280,834,1106 
897,99,423,404,101,102 
240,260,816,817,1069 
280,281,858,282 
240,746,152,816,55,989 
67,661,662,663,664,665 
355,1164,187,188 
555,37,358,180 
477,10,1362 
775,1130,932,936 
296,1101,1896,341,3066 
123,389,448,449,2590,2591 
1060,86,1369,2671,2057 
223,149,494,61,117,577,323,746,431,152 
940,1355,1422,1311,1663,345,2110 
607,633,4,841,2625,713 
669,16,918,1916,3066,3712 
82,165,196,83 
280,313,624,314,43,2716 
2690,206,207,586,212 
157,40,41,1008,3851 
1642,482,1225,962,1707 
1091,443,586,990,588 
1943,692,346,1944,3852 
184,185,186,187,188 
1280,514,251 
82,1094,93,1293,1861 
208,209,558,1394,3853 
82,84,315,317,318,319 
1483,338,490,908,1740,1741 
340,40,41,2067 
169,404,837 
1453,435,106,2405 
62,340,930,40,43,1263 
59,60,1063,1201,330,968 
1115,2079 
650,14,545,1485,904 
2643,123,549,11,23,509,2199 
142,1310,10,592,723,149 
82,554,570,383,1985 
228,793,152,794,1859 
223,646,503,504,1455,692 
530,941,239,639,2402 
477,274,1451,2839,3854 
483,45,161,10,638,738 
239,8,240,1091,2013 
142,209,2540,242,99,362 
239,974,1876,117 
117,1488,3111,2512,1202,799,3855 
1070,105,24,190,580 
161,638,1024,362,404,363 
215,35,657,1906 
917,243,650,244,687 
130,209,914,1678 
722,715,10,87,1287 
234,325,195,71 
720,37,755,701,2942 
1,234,334,711,1917,2311 
1084,75,215,301,6 
477,111,1243,650,112,1827 
873,430,37,2262,2263 
1209,1134,1135,388,2216,944,3369 
1372,3856,613,1373,65 
267,946,1634,780,781,664 
723,291,984,2268,1517 
541,542,71,538,402 
260,914,71 
169,755,170,497,1005 
218,544,169,100,170,220 
767,75,215,261,1380,2854,3605 
322,366,116,212,1159,954 
411,738,92,93,95,460 
142,418,209,349,377 
1075,2006,1533 
381,382,383,384,385,386 
2410,61,1360,801,2859,692 
1841,3060,1843,1844,3857 
123,338,549,11,248,780 
115,23,1740,3858 
267,35,36,37,389,471 
621,636,228,149,369,152,191 
189,423,237,18,100,101 
722,10,725,149,1286,1619,1040 
99,206,169,207,1962 
1903,702,404,837 
95,946,781,2562 
82,621,169,1007,613,1239 
122,228,340,618,54,749,309,152,1807,796 
45,46 
611,228,753,338,261,309,23 
340,40,41,1702 
202,35,36,38,471,98 
208,382,914,932 
477,1726,111,750,1000 
878,328,195,1405,275,386 
75,67,428,215,1190,2611 
243,244,37,1704,1256,1552 
965,228,149,1432,151,816 
122,1798,215,83,118,217 
82,156,562,53,435 
124,100,329,164,1038 
740,555,841,1168,1627 
322,301,1188,1204 
1,40,41,2,706,625,628,1585,1646,3435 
756,1548,26,2831 
636,228,149,323,755,2704 
193,267,431,918,1593 
10,148,149,1243,151,794 
296,387,119,120,1864 
222,301,40,195,1178,6 
10,148,149,61,2173,404,755 
233,163,134,435 
82,84,779,154,1474,1475 
323,443,324,444,586 
1310,149,404,154,716,717 
296,1896,3066 
156,165,1144,84,3856 
78,751,1663,1665,2055 
1243,80,1066 
530,128,922,1279,287,143 
87,123,2529,2645,2646 
301,178,245,1685,6 
1,40,297,1585,3012,3013 
607,633,116,1485 
128,1228,1012,663,1013,1241 
540,143,116,37,213,2281 
393,737,2393,2230,3545 
1826,1315 
159,40,42,314,452,1371 
62,143,37,213,1773 
129,784,37,507,1319,3859 
709,361,362,169,719,2803,3860 
82,62,873,430,84,116 
607,2322,2456,3861 
117,1516,80,3414 
387,37 
82,1094,2837,92,1293 
10,291,228,149,1095,47,586,755 
82,45,67,1758,793,206 
264,1403,629,411,413 
273,613,614 
1228,1012,663,1013,1318 
1185,1180,391,1714,663,3717 
130,429,2323 
125,40,164,1038,565 
387,37,874,1910,303,390 
740,842,1106,2625,713 
143,169,363,1118 
261,40,297,298,299,300 
143,37,169,170,1118 
477,1350,87,111,1405 
366,169,247,586,514,424,954 
722,2159,882,1812 
189,313,624,172,1696 
709,361,362,169,1744,719,1905,2406,1359 
315,880,881,37 
62,338,12,23,1165,1740 
646,677,800,272,1525 
1372,209,377,2443 
505,854,35,367,404,729 
260,31,389,1300,2566 
267,1345,510,3367,3368,2688 
418,71,106,2693 
1406,854,154,2424 
834,1198,1867,836,906,1269,3862 
232,372,447,1439 
196,166,169,1007,1008,497,680,2927 
189,1771,313,624 
984,390,77 
914,210 
618,642,141,832 
123,83,549,11,23,248 
123,1516,80 
611,612,228,369,309,431,1737,704,986 
833,1146,294,332 
82,161,540,462 
505,35,36,37,2398 
82,84,591,1049,556,2354 
74,228,430,793,576,323,444 
142,45,562,563 
914,20,2467,3863 
618,1002,867,95,3695 
10,148,228,724,116,440 
479,10,540,210,53,117 
661,662,663,664,665,1905 
157,40,41,197,432,625 
1310,10,723,149,2482 
148,206,686,402,1409,2330 
530,311,1403,111,14,492 
129,779,3075,1476,1672 
554,1366,1354,440 
554,382,149,1502,2110 
937,923,85,2191,1611 
340,261,387,37,389,391 
2492,2065,118,421,503,1785,2547,1541,3864 
193,670,65 
45,196,382,148,562,275 
563,779,38,553,154 
123,11,389,16,248 
3142,3865 
45,477,333,361,1024,1458 
477,10,381,382,312 
597,1198,906,2423 
439,459,92,93,667 
260,31,1201,1381,1922 
86,10,275,1369,2987,1740 
597,37,1576,1620,859,1857 
82,393,917,84,117,256 
937,923,2191 
165,569,45,133,843,1328 
161,570,561,1354,914 
111,1135,117,14 
189,1426,2140,3866 
184,1515,80,26,1032 
494,577,746,235,152,1908 
721,149,152,816,817 
382,335,149,61,18,154 
340,40,41,195,42,907 
1341,1588,1082,3212,663,1318 
2,676,293,547,2660,5 
434,14,553,71,2445,3867 
940,1067,2033,345,2110,2034 
158,1597,2090,904,1455 
741,1418,801,1627,1621 
143,37,169,170 
419,1094,2224,2078 
267,301,269,775,1079,95 
116,206,324,586,1219,2382 
810,313,624,43,3868 
269,172,626 
10,240,61,369,152,739 
228,149,152,816,817,2340 
159,40,41,163,435,625 
960,2207,3521,3360,2113 
82,1094,528,1280,750 
242,1057,797,1437,918,2890 
67,1496,2280,946,661 
738,261,93,460,667 
40,745 
1077,618,54,576,749,956 
420,35,36,37,552,203 
165,268,2071,84,923,552 
10,183,222,562,149,1823 
243,315,172,545,2615 
636,228,149,618,576,152,191 
31,234,378,414,146,380 
143,116,556,145,1017 
172,1894 
267,1355,1901,301,213 
340,1238,40,41,1022 
772,1002,448,773,272,774 
296,1960,40,178,2070,433 
234,325,443,404,711,1003 
129,477,84,556,19,557 
1,301,40,41,421,1714 
873,430,170,2685,1118 
477,563,1027,98 
340,40,42,2070,106,3270 
228,149,369,151,152,191 
321,99,37,516,102,1170 
2643,1,40,41,2179 
483,165,45,477,183,562,53 
563,261,31,234,378,380 
910,261,661,780,781,911,1692 
477,336,810,40,41,496 
632,100,435,510 
2643,897,914,1079 
508,1815,635,2334,1795,107 
554,161,1499,1010,382,393 
1071,364,1221,759,781,1721 
709,18,19,154,1474,3178 
117,801,476,2477,2178,3425 
149,61,54,576,1604,865 
10,306,724,540,149,210 
117,1105,712,714 
181,301,1257,1175,2735,2736 
82,128,130,682,84,980 
604,233,605,224 
82,268,84,37,421,422 
929,598,556,925,245,620 
810,1854,421,625,305 
604,605,248,330,2136,968 
322,563,1954,37,343 
222,562,322,1074,1075 
1129,133,219,424,1438 
1010,1094,1059,1876 
124,261,702,309,152,704 
268,1142,556,552,422,1639 
482,95,946,1428,2951 
1065,1516,282,1537 
1091,124,125,163,488,936 
682,195,683,938,987 
117,309,152,310 
9,74,382,1556,1369,385 
45,161,306,2366,540,224 
418,1112,222,914,149,435 
404,507,164 
351,355,756,187,188 
1035,477,123,372 
566,412,40,567,2179,568 
411,738,261,92,93,94,460 
267,40,254,357,1560,3243 
10,724,149,116,151,1918 
940,646,2047,1768,2647,3869 
40,43,95,2860,946,3223 
870,182,746,152,817 
1077,322,1074,366,116,144,497,1019,1923 
631,9,10,792,209 
260,182,1177,456 
165,477,1301,168 
808,1677 
196,166,1198,1268,906,2795,3870 
448,2607,426,744 
267,35,36,37,389,471 
184,185,1465,2213,1283,188 
494,117,741,1759,1760,2293 
541,542,361,1,163 
189,1726,741,2137,933,799 
411,738,459,92,94,95,460 
2261,45,477,1177,793,927,276 
604,123,233,605,224 
62,143,170,874,389,1702 
767,75,215,421,1568,2744 
382,209,540,377,384,1565 
10,362,169,404,497,1045 
810,269,33 
111,644,49,364,475,476,80,714,2524 
914,2102,1173 
82,196 
208,209,1678,1008,377 
189,148,41,509,866,402 
1092,586,100,954 
45,10,240,1439 
941,322,116,586 
309,794,16,781,783 
88,322,163,488,15,1159,1851,2014,1127,3871 
563,21,2685,1693,2330,3872 
1,80,1066 
940,740,644,741,742 
1407,80 
1035,109,477,149,1904,275 
142,143,37,212,100 
142,189,123,597,143,2277 
631,1027,100,750,389,1439,424,2089 
562,322,361,1477,362 
5,433,1637 
1243,245,388,389,390,798,1882,1951 
165,45,477,10,327,1458,1130 
27,910,1689,622,23,509,3601 
561,411,738,93 
82,156,648,1876 
228,266,1104,151,285,1187 
373,1105,514,3537,3738 
123,448,449,1433,1434 
477,1350,183,111,1405 
157,935,899,2659,548 
479,165,639,1853 
1156,109,1667,2378 
428,429,430,116,217,431,2079 
10,462,702,309,440,908,704 
182,228,149,868,151,3873 
321,116,37,324,545,385,1205 
335,312,336,53,224,337 
157,301,33,1333,3874 
196,166,75,215,1684,200 
1325,154,608,1467,559 
45,10,724,1020,1021,1022 
232,373,730 
261,929,40,41,1854,2070,2036 
143,37,169,170,1118 
1035,10,148,53,151,794 
1,930,40,41,43,141 
340,40,41,913,1099,2925 
46,183,70,618,152 
18,779,553,154,391 
1901,404,2959,635,326 
184,185,186,187,188 
1406,854,53,343,1067,2424,2425 
480,123,63,1243,447 
554,637,278,383,14,546 
169,404,1003,424 
754,116,199,1467,3875 
834,836,472,1370,1515,1516 
636,1035,549,1458,608,1663,1448,3003 
597,280,1304,373,1534,2043,1407 
274,149,509,276 
495,355,187,188 
82,621,228,877,70 
84,591,18,556,779,3075,653 
206,207,586 
228,494,116,908,1737,704 
83,597,834,835,1268 
280,857,195,949,424,368 
10,488,389,3633 
726,315,316,49 
169,404,101,144,170,497 
621,74,349,149,89,154 
636,856,1386,1387,1388,972 
540,1325,19,497,1326,154 
68,1550,3422,1322,3653 
240,2322,182,1601,54,746 
196,166,35,97,404,803 
62,430,19,874,1493 
387,303,390,798,799 
607,737,514,2283,3876,2456 
972,344,345,1390 
45,242,2697,1214,3877 
621,267,723,254,521,1068 
1244,1180,3321,1714,663,2498 
82,156,1718 
267,40,41,293,547,1361,370 
45,88,149,440,2231,2626,3611 
125,163,71,380 
268,1854,179,421,1732 
159,712,80,713,714 
264,1739,1459,1460 
382,209,340,47,927 
82,2350,2729,655,656,644 
2643,1290,625,946,956 
116,576,309,587,152,908,704,909 
419,570,167,724 
1070,257,258,398,3878 
228,1601,323,746,151,152 
268,428,37,556,421,422 
632,149,1093,1177,882 
393,494,117,577,152,1908 
333,234,195,117,741,1620 
239,1274,117,3215,2393 
268,428,84,37,421,422 
195,819,373,1105,514 
62,2068,1348,65,3191,3507 
2301,621,669,418,419,3879 
169,443,404,363,967,2334 
265,428,387,37,245 
338,1,40,41,195,775 
1194,2575,1237 
335,1483,2410,3131,49 
82,483,7,9,10,75,458,84,964 
196,166,1408,190,1946,800,1947,1941,56 
148,1381,251,1930 
965,1075,571,5,2285,2754 
29,111,31,810,622 
877,301,1201,1733,1743,3880 
669,419,3879,1422 
393,184,2540 
1642,472,473,474,475,476 
149,219,424,220,426,2334 
82,84,1134,1135,1295,1275 
914,1386,254 
45,260,46,549 
740,1418,801,742,1509 
306,46,149,276 
1129,202,37,212,101,213 
268,1142,556,552,422,1639 
129,505,37,131,1225,1226 
111,163,543,443,247 
1,195,576,152,816,817 
611,54,309,152,704,1495 
149,1104,151,152,191,1193 
611,404,816,770,2817 
195,117,16,808 
621,1372,2023,65,1558,1285,3881 
340,40,172,43,1346 
228,1,309,100,794,764 
82,240,1453,1744,1522 
2025,1129,1274,219 
1065,474,475,476 
37,97,19,38,131 
721,228,152,16,55,1775 
1913,2376,2772,476,2252 
767,790,75,420,791 
382,1091,233,1024,3099 
661,662,663,664,665,2370 
606,267,624,1345,6,1397 
856,923,608,838,2411,1919,3882 
193,239,1483,650,737,2851,16,2852,2302 
123,549,11,23,248 
1129,247,219,164,424,1438 
479,165,142,1009,163 
1618,196,166,232,503 
1294,1467,472,2638,2639 
129,315,38,920,921,511 
306,46,71,276 
562,364,962,808,263,1830 
420,428,652,501,179,245 
914,889,1008,20,2156 
9,959,222,224,2399,2183 
99,117,23,580,578,2955 
562,482,1225,962,1707 
477,1350,561,111,1405 
267,1601,1142,54,576,55 
129,37,97,100,131 
309,190,2050 
157,930,40,2070,913,3456 
165,477,563,18,496,98 
157,40,509,833,1466,625,1540 
781,663,664 
1533,388,1957,801 
82,636,1618,579,3732,3733 
134,404,276 
280,373,1407,2830 
31,414,95,380,1472 
208,382,1454,275,386 
483,86,45,10,222,562,233,149,445,435 
116,2361,1528,493,704,580 
208,209,20 
184,40,41,625,1303,1055 
389,303,390,1864 
128,165,264,2363,1772,153 
169,367,1007,1008,497,680 
196,477,166,195,503 
82,479,45,562,61 
62,128,130,35,38,729,98 
156,306,242,224,635,1956 
611,612,618,13,369,867 
473,474,475,476,1712,2724 
387,1488,521,797,390,3196,2114 
1726,938,2137,3147,1951 
854,1142,37,38,119,804 
430,237,116,598,580,2442 
854,202,35,36,471,718 
373 
10,306,540,149,210,623 
10,148,389,2122,3404 
142,423,824,37,1440,1670 
1227,1228,1012,1342,663,1241 
322,31,975,1033,1034,1409 
479,73,1453,233,1093,224 
621,157,2068,1067,625,919 
74,420,428,652,245,216 
206,207,586,2704 
99,116,1606,908,3610,2116 
84,54,162,195 
636,10,218,149,389,220 
261,1960,2503 
508,635,2334,1795 
124,83,125,2294,127,2362 
228,149,61,54,151,1654 
189,91,1291,117,251 
37,358,644,180 
334,711,1003,1206,3083 
45,477,333,361,1024,1458 
1295,37,2042,451,2709,453,3304,3443 
1208,1185,2328 
1094,91,1291,411,619,3158 
40,943,95,1496,1022 
233,31,1036,1472 
178,343,1311,1312,344,345,346,347,348 
206,100,1218 
261,40,840,946,107,3883 
599,117,942,384,1452,1545,761,884 
597,503,50,1785,1810 
892,1007,497,679,204,567 
10,540,976,389,1369,2082 
479,165,637,9,1010,2402 
169,443,404,363,1834 
1468,100,106 
82,75,312,215,768 
554,393,810,116,516,3884 
542,163,247,100,219,164,1038,534,456 
1209,1533,352 
267,40,195,547,1451,370 
333,1093,234,325,207,586 
261,269,900,43,2990,2368 
463,503,1322,2547,1324 
910,184,185,364,1842 
10,182,228,149,47,727 
122,124,125,37,595,685 
82,84,323,443,324,444 
1227,1228,1012,987 
1002,117,1433,3885 
10,148,149,2078,151,794 
157,541,542,878,16,2996 
423,18,556,779,3075,653 
62,111,12,737,2184,2186 
260,46,224,71 
429,19,1276,1263,6,907 
117,105,800,1947,1700,3610 
554,709,1142,37,169,595 
123,111,622,2641 
82,184,195,12,1061,1384 
82,165,196,123,148,149 
604,605,369,1480,520,2544 
1091,163,329,509,641,1506 
157,738,93,460 
273,197,613,1688,2889 
1035,571,195,1787,447 
82,165,67,1758,738,54,309,190 
40,775,141,95,3340,1660 
10,494,61,577,323,152,504 
82,772,84,448,773,272,774 
477,161,189,561,618,702 
1900,428,215,591,37,1269 
118,288,50,1785,51 
411,261,92,93,460 
530,165,1094,93,1293,3777 
10,382,383,964,385,386 
411,738,340,93,460 
189,228,54,577,309,100,746,1219 
84,163,543,323,443 
280,1597,232,373,1516 
261,80,1066 
322,323,443,324,444 
182,149,54,576,151,816 
67,387,245,6,77 
767,215,1345,421,2304,1100 
209,914,779,2021 
45,46,59,60,224,71 
157,40,197,829,2783,946 
661,662,2119,663,664,665 
142,143,786,213,303 
405,393,415,117,1558,1740 
1901,1452,329,524,1612,1364 
661,662,663,664,665,3886 
1301,1744,589,509,1823,106 
1311,1312,345,346 
271,626,1894,2466,3350,3510 
604,233,605,224,389 
10,148,149,151,794,3887 
82,1035,109,477,53 
1407,80,2789 
10,148,149,151,1439,794 
1998,1134,657,1051,2825 
163,543,219,190 
62,423,116,38,404,1400 
675,676,448,377,449,678 
321,99 
54,116,323,443,324,444 
261,42,1450,2070,2869 
722,10,724,149,2517 
494,937,1611,712,713 
406,12,938,963,3792,3807 
569,477,10,562,1354,149,117 
393,1483,920,644,1311,1664 
208,209,99,254 
80,1066 
37,309,746,152,191,2077 
296,40,41,829,797,2344 
411,738,124,93,460 
61,579,219,164 
1352,1,40,41,568,3888,3889 
61,243,501,315,172,1732 
239,181,196,240,148,562 
40,297,1585,1634,3483,3012 
382,260,233,224,553,1449 
45,10,46,61,488 
165,122,123,124,125,2496 
477,9,10,382,158,1027 
228,261,903,576,764 
755,701,1005 
82,1620,1700,692,356,3890,2619 
124,23,1004,299,3201,3202 
600,196,575,1301,631,340,1,54,309,152,704,1807,1495 
228,152,794,1859 
243,244,501,502 
264,288,620,2772,952,1252 
621,592,149,275,1812,1813 
228,266,149,61,1104,151 
404,101,686 
1999,526,1286,2154,1796,1931 
607,1135,514 
746,377,1628,1076,3891 
606,1035,165,477,480,1776 
929,40,41,95,833,294,1540 
35,37,97,552,803 
333,632,104,1744,3125 
740,473,474,1106,2054,692 
156,157,158,123,159,1502 
448,1488,272,899,512,833 
123,322,362,169,154,868,3892 
161,291,488 
40,297,298,299,1644 
61,48,2270,737,50,2271 
82,1718,84,243,501,497,1600,2537 
122,40,41,132,913 
189,22,13,117,849,1225 
621,195,172,920,2763 
165,486,9,10,517 
709,1453,1744,248 
1,40,41,2225 
709,404,363,276,716 
202,35,679,680,204,583 
1367,535,402,106,2871 
228,149,54,323,443,2704 
91,117,23,413,107 
165,477,487,148,793,750 
189,639,1002,3698 
82,84,1288,37,1145,3 
134,404,716,717 
10,148,228,149,151,2122 
82,142,2261,195,1054 
82,84,40,41,1345,829 
128,129,35,37,1981,506 
478,322,84,366,116,586,587 
82,479,181,9,540,728 
2190,286,448,272,2287,713,1727 
261,40,195,178,1533,858 
767,1380,303,1799,3364 
340,40,293,785,2070 
35,555,37,97,38,979 
11,341,1428,781,663,911,3179,2521,2529 
340,163,102,164,1038,1763 
261,40,43,933 
892,1007,497,679,204,567 
91,738,117,92,93,460 
1105,712,80,713,714 
75,215,246,6,1600,2158 
82,84,315,37,511,69 
562,322,361,363,719 
327,1130,1656,2209 
434,157,159,340,642,2612 
206,443,238,212 
206,443,207,586,516,701 
1758,738,117,309,440 
268,428,215,202,84,37,422 
340,618,749,152,1807,2066 
670,856,1305,838,951 
82,84,163,543,323,443 
528,91,117,431,94,2012 
1209,472,2418 
82,2510,48,50 
1035,266,53,1104,440,152 
483,181,196,637,209,517 
104,404 
1035,10,723,561,291,149,1027,1087,2249,2532 
115,189,116,14 
82,570,167,21 
333,423,340,325 
62,517,340,1460 
91,1274,639,439,517,3559 
82,479,1406,1058,723 
54,206,207,1120,1840 
45,10,46,312,87,149,369 
937,2675,740,1617 
1351,345,2110,2657 
82,870,168,490,78,751,752 
117,1051 
62,367,582,680,1246 
234,325,195,71 
810,2239,947,303,952,3563 
1294,1378,200,2656 
1403,189,227,801,2293,2739 
410,528,91,412,117,92 
189,84,894,1110,1248 
62,130,709,35,1563,203,567 
10,46,336,440,2505 
790,878,83,341,791,855 
505,35,36,37 
165,240,959,960,961,399 
99,143,100,101 
82,239,1483,1214 
381,3407,1817,1939,3387,3408 
228,149,61,100,441 
792,215,87,1832,1166,2163 
222,562,233,61,389 
393,183,561,338,2070,2642 
165,9,84,1002,22 
1095,93,95,460,667 
873,430,367,1678,19,874,270 
42,454,2343,2792,2344 
161,10,222,223,462,336 
1091,443,586,990,588 
82,208,196,897 
312,87,228,118,577,1458,151,152,2080 
306,73,189,976,364 
149,445,404,154,716,717 
228,70,618,749,746 
418,189,84,448,1628 
183,561,78,2641,2642,1052 
382,149,53,1130,3358 
133,40,41,946,2093,3164 
702,309,16,1737,704,705 
382,914,234,235 
45,46,276 
183,466,467,468,469,470 
483,10,274,46,149,488,1362 
1,40,41,293,913 
740,712,713,743 
1035,10,724,149,61,508,247,151,1918,1367 
843,844,818,1827,3893,3894 
1372,1453,914,47,589,3895 
2163,1568,200,1311,1664,1103 
192,530,193,995,462 
10,137,138,1129,1077,61,2506,3896 
1209,37,1533,1361,524 
910,40,41,195,829,855,303,2368,3897 
505,1142,35,36,979,98 
393,123,445,111 
321,516,102,1171 
261,40,41,172,942,3898 
196,166,61,162,100,164,424,425 
45,46,275,1178 
315,341,317,699,580 
241,296,1041,3365 
234,325,71 
430,143,116,1678,874,270 
545,80,2274 
82,965,832,344 
62,296,1185,1082,391,663 
45,46,47,275 
10,61,247,219,16,3195 
264,137,138,1077,111 
722,10,723,1353,521,745 
722,1310,254,1179 
505,37,131,98,1225,1226 
1841,1125,655,656,657,2825 
382,929,178,1314,217 
561,1095,1243,93,750,1439,94 
82,143,84,366,37,404 
10,274,46,149,53,47,837 
338,1753,23,2080 
10,182,149,61,576,151 
189,91,407,619,738,439,1352,250,1050,460 
785,626,1894 
260,117,309,23,248,106 
387,796,797,390,798,799 
208,209,242,914,1386,392 
228,409,1,369,152,735 
45,306,604,46,605 
148,23,509,402,1332,1930 
157,182,361,755,719 
621,189,335,53,435,440 
411,340,93,94 
228,84,1405,1710,444,516,455 
156,419,189,333,228,709 
1122,111,14,2133 
82,122,118,1458,958 
196,166,2088,633,970,819,944,761 
189,200,2287,712,713 
509,781,663,664 
159,618,41,509,625,1838 
340,301,40,41,178,3899 
854,1142,37,97,38,131 
54,309,704,954 
494,323,746,152,1497,2391 
100,635,248,276 
327,209,71 
166,228,84,577,100,794 
208,209,1477,2091 
45,10,122,1850,149,275 
530,487,1453,149 
243,244,501,1234 
157,123,159,1445 
82,445,78,1547 
411,117,938,994,413,2525 
82,483,196,1112 
494,369,736,746,152,1225,95 
722,1310,10,723,149,254 
1288,37,1145,3,3680 
340,40,41,293,547,2070 
10,870,183,562,53,594 
157,946,781,1721 
854,542,219,2758,1126 
47,404 
109,59,361,1,755,719 
1403,1122,1027,445,1405,2017 
1002,42,141,2860,745,1428 
938,16,934,663,2275 
99,100,101 
709,509,106,2334,108 
261,618,576,14,23,1768 
1468,562,124,361,362 
636,333,361,149,362,301,343 
604,31,605,71 
606,192,483,161,419,1011 
260,31,414,510,380 
209,914,210 
99,423,162,116,404,15,102,3303,1078 
261,40,1533,293,2070,433 
393,117,1577,692,3900 
233,31,1033,1641 
267,338,261,1,55,1775 
228,576,55,1807,3086 
218,349,1656,1922,1339,1667 
561,899,468,470 
738,1177,362,169,404,100 
207,1158,1159,588 
914,1214,589,1034,3877 
306,46,87,1027,445,837 
854,1142,37,38,1639 
736,741,16,521,2133,2671 
251,661,780,781,663 
505,35,36,979,98 
419,570,167,1671,123,296 
123,280,1597,1674,1442 
122,387,389,833,390 
351,352,353,354,355,3244 
82,1243,1458,1663,79 
528,629,411,439,94,529 
267,723,1353,521,745 
82,166,419,272 
545,119,644,1319 
709,163,71,380 
1588,1082,1342,663,1014,147 
159,983,378,146,1333 
165,477,9,10,382,1243 
509,781,663,664,1429 
1002,426,357,744 
1758,411,117,459,92,93,460 
619,738,117,93,460 
62,128,430,2248,116,1399 
267,261,40,41,141,913,524 
632,149,61,162,219,1438 
633,546,2989,3901,3902,3903 
169,247,404,363,164 
189,430,143,117,507,1143 
267,228,54,309,794,370 
197,761,826,344,345,2057,2426 
82,86,1310,480,327 
542,404,164,6 
675,38,676,448,377,1076 
82,181,540,210,150,2986 
183,149,404,154,716,717 
327,71,642,932 
133,134,169,363,136 
483,10,1010,638,149,730 
182,296,228,702,47,309,704,837,705 
181,1010,1166,540,61,2464 
321,99,576,101,102 
54,162,206 
1035,419,1458,1547 
862,55,303,760 
185,355,187 
61,1967,885,475,476 
159,334,711,1452,1206,380 
1035,10,149,508,151,1367 
46,1671,870,182,87,228,149,462,727,151,152,2080 
261,618,195,1533,402,106 
2459,476,692,3761 
234,325,195,71 
541,542,133,100,23,106,249 
192,530,193,995,462 
972,344,345,346,347,348 
82,83,84 
1487,134,404,431,363,276 
45,1758,148,53,1302,1502 
509,1939,95,2272,107 
306,149,1477,125,1143 
192,669,1122,670,202,650,1669,1670 
343,345,2110,815 
109,1,509,402,106 
1453,233,1093,3386,932 
125,301,313,624,2214,1863 
75,215,84,243,244,245,246 
709,1542,18,154,1474,1937 
206,509,1641,1666 
648,48,117,503,50,1785 
1134,1826,1623,2107,3904 
67,878,37,545,119 
709,1453,1093,1177,106 
261,40,41,42,829,2070,2854,1099,2889 
27,597,31 
562,233,135,71,2603 
62,948,202,84,116,18,1092 
183,31,89,414,380 
1310,382,723,149,336,2717 
62,267,1347,563,1349 
296,205,1227,1228,1012,663 
42,337,43,454,1136,781 
393,494,117,577,152,1908 
834,1235,1376,1377,1378,1194 
1479,509,6,1480,565,1481 
208,914,210,1578,745 
562,599,1064 
206,170,1218,1806 
148,562,563,1502,275 
189,650,154,16,777,108 
274,185,23,1145,1693,3576 
22,23,126,78,1749,2849 
189,1485,1547,798,504 
1408,198,448,449,712,713,3724 
722,1310,10,723,149,254 
228,338,116,117,824 
82,1468,45,196,562 
419,638,232,644 
124,125,605,404,755 
202,84,229,131,132,506 
477,637,10,73,382,445 
62,138,1129,124,1243,125,750,1439,1633 
80,282 
109,1,31,414,380 
82,709,823,579,921 
367,97,38,620,921,893 
189,1002,448,773,272 
117,413,460,2525,3534 
40,41,195,829,956,3671 
411,738,124,93,460 
165,84,243,3905 
562,322,361,362,719 
82,62,138,3906 
16,1311,79,80,2138 
2190,1617,1677,713 
228,309,323,794,441 
240,228,1605,746,1654 
306,46,540,149,61 
165,639,2229,608 
193,670,672,1256,3907 
810,315,316,920,388,2449,1401,320,2411,1919 
82,479,2261,592,149,508 
82,1181,274,2461 
165,477,10,149,750 
10,223,149,61,323,151,152 
1002,677,426,357 
722,723,336,2038 
661,662,663,664,665,3762 
267,577,323,152,504 
621,1468,1406,306,224 
61,885,476,2256,1106 
245,762,1100,1768,1769,1770 
99,100,101,431,102 
35,36,37,556,100,546 
162,163,543,247,219,587,588,954 
13,16,1336,2378,2884,1481 
85,580,842,3237 
555,367,1028,38,581,1493,1714 
528,619,1352,338,23,262 
709,720,23,1666 
889,1,983,984,985,2268 
156,192,940,669,941,419 
143,37,169,404,170,1118 
184,87,509,2104,1916,175 
222,562,322,1074,1075 
406,1765,61,309,1104,151 
40,913,946,2133,616 
143,116,556,1017,704,360 
393,116,117,516,2167 
1074,31,1683,546,2626,895 
148,228,149,462,151,794 
233,54,369,1193,778 
750,80,1066 
301,834,40,195,512,95 
637,9,419,724 
260,709,431,190,1202,770 
606,1065 
1999,280,2154,2565 
157,16,963,808,248,1677 
228,338,14,309,152,704,909 
82,479,129,1406,17,854 
338,340,40,41,195,314 
267,1355,301,1733,1240 
117,369,309,152,734,1116,735 
479,1406,607,481,446,2599 
938,448,449,1433,1434,2527 
82,10,382,274,389 
228,53,576,2163,816 
411,738,340,92,93,460 
233,31,488 
661,662,663,664,665,3908 
530,165,1094,2837,2429 
189,393,938,1071,1341,1740 
965,972,1509,344,345,1989,1357,1538 
218,349,642,1656 
82,189,84,1684,421,448,449,200 
418,264,278,265,308,521 
322,162,366,163,543 
62,267,40,42,314 
1408,1225,833,1707,1975 
381,382,383,384,385,386 
233,31,1036,1472 
1452,164,424 
10,148,149,61,404,755 
301,40,1696,2924,3340 
477,570,167,183,1354,2694 
142,228,143,212,144,190 
862,753,431,55,95,339 
62,1325,1532 
406,228,149,61,1104,151 
99,423,116,404,101,15 
434,889,261,983,984 
323,443,324,444,586 
228,118,61,1104,151,1495 
82,9,10,124,882 
184,185,186,187,188 
296,899,1613 
648,639,215,1938 
166,1144,189,149,84,1818,1373 
10,723,291,149,254 
562,414,962,380,1300,263 
133,16,776,493,136,777 
54,576,369,309 
182,149,409,61,152,816 
123,562,322,361,366,169 
40,41,178,2772,95,625 
75,215,36,37,3518 
483,434,242,914,149,328 
260,1,31,117,1300 
477,563,1027,98 
1597,1516,80,1598,1599 
193,419,1011 
128,681,393,111,12,16 
738,124,93,460,667 
790,75,1960,42,791,855 
44,2293,1509,2178 
62,143,37 
715,45,161,149,3072 
223,577,323,152,2277 
554,637,1832,275,226,2603 
505,301,172,1175,2716 
740,117,1869,1636,713 
2047,1000,1933 
165,196,306,1355 
80,713 
18,556,779,3075,653 
404,100,219,101 
130,682,598,14,981,982 
189,83,22,13,163,247 
240,854,635,190,771 
322,37,2901,2593 
123,232,2753 
328,441,509,402,106,1977 
1135,256,1255,1256,3585 
541,542,163,543,247,19,219 
82,84,315,880 
228,149,61,309,152,2847 
111,1841,2640,61,23 
621,479,1468,45,224 
54,824,152,55,2050 
82,84,206,207,212,587,1159 
494,105,152,1768 
62,142,1406,189,1274,143,116,1275,15 
970,513,821,1479,1466,2139,2459,515,3909 
47,404,100 
82,621,419,1403,810 
505,35,37,38 
344,345,2162,346 
75,929,1002,245 
296,1109,513,999,797,2140 
99,100,101 
123,117,555,546,1767,1676 
157,1238,40,293,625,1022 
45,604,46,605,746,235 
340,40,829,141,946 
40,402,297,1634,3483,1461 
1077,343,309,323,152,496,704,705 
340,946,781,1721 
70,71,1202,3042,2211 
264,278,381,382 
222,296,31,488,414,380 
1122,111,202,84,2058 
267,604,361,323,755,719 
71,106,771,3543 
621,1091,233,2602,135 
71,963,1917,808,380 
428,387,37,245,833,77 
260,369,23,106,1840,2878,1506 
340,40,42,293,2192,1346 
2643,1877,111,758,1878 
260,182,369,105,303 
1707,1975,355,1976 
62,264,873,430,143,1317 
82,1094,412,2267 
1227,1228,1012,663,1241 
261,325,334,711 
1528,1322,1577,2293,2478,346 
1228,1012,663,1013 
303,548 
40,775,141,95,2272 
260,31,414,380 
23,1808,107,3037,3910 
1311,1312,345,346,348 
111,116,373,644,364,2719 
86,165,83,1027,446,447 
61,473,476,1537 
228,152,816,953,2077,1616 
382,149,61,323,151,152 
274,338,185,740,3911,3912 
228,576,100,868,441 
91,92,93,94 
189,862,340,618,749,105,200 
494,810,315,317,319,3913 
68,100,1732,1550,3207,2285 
17,448,377,845,200,1118 
2056,100,1266,424,426,1337 
483,149,163,821,275 
393,561,123,83,23 
296,340,213,164 
37,367,545,3914,2820 
2335,448,377,1926 
206,443,238,701 
621,192,530,995,168,273 
157,234,334,711,509,380 
419,570,167,724 
313,624,1223,3915 
1122,670,824,1595,2952 
404,2405 
45,1010,70,496 
82,165,477,540,210,750 
836,885,475,476,1875 
972,345,346,1357,348 
196,166,189,130,429 
109,157,296,1,31,380 
82,130,84,929,598,1563 
148,228,725,149,151,766 
208,45,1091,1502,2231,1127 
1408,1946,800,1947,1941,1204 
528,148,439,16 
189,639,437,1809 
149,1104,151,152,191 
99,143,162,101,686 
1084,554,480,10,30,375 
561,70,456,770 
282,3837 
158,371,633,3580 
74,149,61,206,443,431 
206,443,207,238 
301,2304,538,1986,95,2671 
486,45,46,488 
410,528,411,619,938,413 
566,528,619,439,94,529 
327,233,1036,1130 
62,1446,2064 
16,1199,909,1385,1222 
322,1355,135,2672,1019,1923 
13,117,849,1225 
177,23,16,364,3307 
1597,1516,80 
1615,169,404,363,164,2141 
189,117,16,413,251 
124,163,380 
128,598,37,1263,2019 
1134,1135,580 
82,84,2335,448,449 
669,419,3879,1422 
1350,1726,910,185,1842 
405,639,261,1,2917 
99,143,117,404,101,686 
189,1211,2925 
40,297,1585,298,3483 
125,404,363,837 
67,1798,215,2084 
130,423,35,37,679,204 
189,149,1818,1373 
62,874,1263,2936,3916 
196,166,268,420,1185,32,1854,421,1029 
124,509,248 
333,238,701,587 
159,40,297,298,299,300 
914,921,3657 
82,181,1776,183,333,361 
82,183,429,494,12,495 
228,549,53,576,577,323 
260,169,497 
40,342 
854,35,245 
477,9,10,87 
810,269,1008,1733,616 
322,169,389 
10,148,228,151,794,3272 
910,111,1428,781,782,249 
631,402,276 
189,148,71,794,1473 
393,184,111,117,14,24 
1499,9,10,792,209 
1094,411,439,3707,2071 
479,2427,29,481,446,2840 
1372,2163,2023,102,345 
1310,1353,149,1064,399,1673 
477,84,35,36,97 
130,682,153,923,203,806 
1122,301,269,856,195 
910,341,509,946,1303,781,663,911 
340,40,293,509,2346 
9,189,87,366,18 
2051,149,54,1604,865 
23,608,1749,1392,2728,2849 
228,149,61,47,151 
1,1002,389,94,3534 
62,128,130,682,980,12,679,2509,3842 
182,369,144,16,986 
182,228,47,303,1847 
277,792,478,599,2492 
322,162,366,543 
70,224 
37,376,2802,1961 
387,388,2214,390,3016,1864 
82,941,2230,3335,3336 
313,624,195,947,1773,1551 
82,1094,411,846,1115 
340,1556,510,771 
296,963,1205 
1291,411,966,94 
189,83,99,116,404,101 
541,542,40,603,2179,1428 
897,1739,682,134,1263,1399 
82,45,333,1458 
341,141,1585,1645 
128,111,273,14,23 
562,322,169,594,100,363 
157,70,71,6,1491,796 
243,1258,2269 
636,889,162,219,221,3102 
428,215,245,246,1600 
636,419,570,167,461 
277,1771,1315 
267,70,404,1118,770 
115,419,189,2540 
477,111,14,750,112 
1035,1350,123,1841,2694 
611,54,309,152,704,1495 
301,269,901,342,303,95 
260,224 
54,369,309,144,105,704 
221,988,989,426 
892,1007,497,679,204,567 
530,715,181,322,133,563 
340,624,43,1000,1397 
479,45,291,349,149,488 
189,184,340,234,357 
322,366,37,207,586,755 
418,637,1010,570,172,1087 
267,1185,929,1683,40,41 
412,2022 
122,763,842 
162,508,219,164,221 
1002,426,357,744 
541,542,71,509,402,1917 
91,411,439,38,94,413 
82,156,9,10 
387,1818,119,2714,1688,1319 
165,84,929,1683 
189,228,618,54,369,746 
570,167,461 
477,10,382,158,87 
604,228,149,61,605,755 
661,662,663,664,665,3320 
189,184,40,41,1386,2833 
404,101,102 
196,166,189,346,802 
1146,798,475,476,1614 
1642,885,475,476 
1304,2043 
767,74,75,245,95 
228,149,61,369,746,191 
1301,631,327,46,549,224,71,1448 
228,746,1199,837,303,1200 
31,509,1033,330,263,2136 
591,18,556,779,3075,653 
329,509,565,641,1506,1507 
35,97,404,803 
142,477,240,143,84,135 
82,1403,84,116,14,1528 
405,517,256,1913,2741 
637,189,3904 
277,74,75,367,2493,2298 
82,130,84,37,38,204 
117,482,14,840,3495,3917 
123,83,3052 
148,562,40,297,1634,1977 
82,129,1144,84,38 
621,306,223,1850,135,224 
184,185,186,187,188 
423,247,19,16,424,425 
336,1,810,269,900,375 
1125,501,1886,1198,2528,906 
142,2220,143,343,213 
45,274,46,88,2219 
490,80,2728,2381 
340,1027,387,37,389,391 
328,702,329,837,641 
193,340,918,1923,1593 
45,46,149,1177,1178 
1035,786,1954,343,372,3137 
178,343,1311,1312,344,345,346,347,348 
337,1465,2155,186,469 
82,1310,1181,2461 
143,37,169,170,1118 
382,209,914,1113,811 
119,120,1681,390,1864,294 
82,84,315,646,647 
730,80,2450 
208,3918,3386 
189,340,40,41,1319,2889 
1468,361,362,719,3919 
1084,1185,388,389,1246,1971 
420,428,178,38,358,680 
1122,1605,856,172,42,1171 
606,156,239,418,1144 
604,123,605,43,448,449,2590,2591,1471 
99,404,100,101 
189,184,261,234,357 
129,528,411,459,94,529 
862,228,753,340,702,309,704,989 
418,965,1354,1395,126,1138 
1484,81,609,610,1665,2793 
940,1350,866,3034,2642,1052 
184,340,40,195,43,1346 
1142,779,154,1474,1476,2903 
10,306,724,540,210,2277 
554,161,1499,1010,382,393 
940,1350,111,2319,3034,2642 
404,535 
1197,2575,475,476 
189,313,624,342 
1733,20,626,1894 
296,149,2011,61,151,152 
267,946,780,781,911,664 
404,170,1068,3376,1970,745 
82,1035,142,9,1406,1054,225 
129,367,2577,511,69,318 
123,223,494,577,323,746,152,1031 
323,324,755,1159 
83,676,448,841,1051,2272 
669,261,871,95,1057 
240,1671,549,61,1286,1754 
157,808,1677 
148,228,149,151,794,1412 
910,1,946,781,1554,2521 
75,215,810,40,41,1854,303,77 
562,100,435,23,2089,781 
169,367,38,1007,1008,497 
1378,1767,521,906,2677,2423 
477,1027,111,650,492,112 
420,179,564 
40,195,117,293,509 
351,572,355,1677,1283,663 
786,513,117,2662,1939 
754,169,2204,1188,2053,3430 
10,306,87,634,1578,279 
268,37,421,422,389 
1352,195,538,402 
486,1010,419,723,882,384 
505,202,1954,35,37 
724,1067,2079 
738,261,93,460,667 
157,333,334,711 
157,340,31,414,1851,380 
541,542,206,543,443,755 
23,608,752,1749,1392,2728 
159,70,40,41,3,625 
280,746,318,1455 
10,149,462,2159,1037 
82,636,1094,393,91,2841 
479,165,486,181 
1771,555,367,404,2389 
228,618,54,369,746 
1135,492,2029,450,3904,3920 
493,2665,3011,2986 
501,37,2445,2468,787 
45,10,149,750,435 
1,301,40,1745,1331 
591,116,556,1475,2738 
382,562,223,233 
1716,692,3676 
606,82,192,477,419,1649 
762,833,1147,1800,1540 
650,14,1816,1252,3247 
854,1142,35,37,38,471 
536,1295,288,537,1450,2608 
100,1922,1763,2210 
2725,591,116,556,1937 
355,187,188,2260 
554,562,84,1405,1710,169,594 
109,157,296,31,23,1331 
1077,183,702,343,309,323,152,705 
228,724,149,47,151,152 
434,518,1451,520,1339,427 
189,393,184,494,232,199,262,365 
243,501,37,885,3150,3704 
561,124,430,389,1439,448,1273 
143,37,212,213,214 
82,268,84,178,317,216 
260,1640,249 
449,1488,2512,1202,799,3418 
62,143,556,938,1017,200,360 
109,709,923,236 
184,340,40,41,775,1346 
941,1310,419,1122,1531,856 
124,322,586,700,1413,1143 
920,3629,2230,3335,3336,3545 
722,10,723,724,149,1912,2257 
184,633,117,80,2625,713 
2261,569,45,604,312,87,149,605 
45,1166,724,540,210,3461 
306,738,148,964,402,1064 
971,514,1867,1958 
1185,2493,1221,663,1014 
128,429,980,1423,1969,1424 
267,54,576,369,323,144,213,986 
6,402,771,565 
82,393,21,1595,490,608,1568,466 
172,775,626,1894 
724,242,149,53,729,1175 
834,195,117,1376,1377,3921 
73,75,76,77 
1,40,195,521,248,956 
10,306,540,61,53 
1,618,54,576,309,817 
124,340,261,163,95,380 
709,618,191 
185,782 
1105,1065,476,1066 
404,1367 
621,148,228,149,61,755 
639,1197,50,437 
159,41,389,509,946,2521 
45,240,445,336 
366,37,207,586,755,3922 
889,1243,387,389,390,1427 
1294,694,472,1051,2344 
1468,181,45,196,1904 
477,9,10,445 
222,445,31,380,1127 
82,854,61,579,235 
273,710,789,661 
54,116,323,443,324,444 
854,1174,1263,1176,3923 
99,404,100,101,3303 
260,670,1735,735,2176,3265 
149,54,151,152,441,1574 
562,322,361,1306,1991,719 
111,737,2802,1630,2416,2417 
2163,16,1568,2770,1103,3924 
1483,517,1531,168,824 
340,163,213,164 
157,411,738,92,93,460 
261,40,41,172,3898 
268,215,143,37,556,422 
196,166,2314,444,449,379 
561,148,878,19,817,1469 
591,2019,906 
228,261,309,441 
1135,706,2772,1623,2908 
157,23,509,248,276,1064 
929,18,19,389,990,991 
47,71 
240,260,182,878,70,47,169,586,587,865,837,2865,955 
374,1649,23,3,2330,2812 
322,366,116,212,1158,1159 
10,1354,724,563,1487,53 
2025,411,94,251 
54,206,207,1120,1840 
97,131 
165,157,277,792,478,159 
82,161,462,336 
1129,162,219 
129,1142,37,556,1639 
848,40,946,710,295 
508,1815,190,426,1795 
206,443,701,1445 
192,193,195 
562,11,13,849,850,1225,1336,733,2765 
530,167,3925 
1025,389,448,678,944,1076 
340,762,763,548 
195,1143,3137,3926,1457 
722,462,1087,595 
483,149,47,837,2865,3431 
62,99,366,404,101,151 
115,228,116,576 
808,2821 
128,429,980,1423,1424,1425 
1122,269,3452 
45,562,563 
82,156,1618,232 
82,636,2068,1347,1348 
172,1214 
381,382,383,384,385,386 
340,40,41,2295 
208,209,1002,1628 
367,779,19,1658,1822,3059 
474,475,476,1931,2132,2372 
1185,1028,100,421,1180,1929,1493,1937,614 
58,59,60,61 
754,322,207,586,755 
411,93,94 
232,1325,154,1467 
479,2261,1009,562,517,847 
1065,1515,1516 
1853,148,228,149,151,794 
1243,548 
579,117,37,2294 
267,40,195,314,141,946 
82,45,333,957 
82,165,1898,54,116,1219 
1,712,80,713,714 
208,381,382,383,384,385 
268,428,37,556,421,422 
1274,2430,2856,1577,1398,3927 
1615,404,507,164,1038,2141 
277,382,736,677 
157,261,195,178,246 
1125,1134,1194,694,695 
636,1618,167,1138 
82,196,554,637,419,382 
99,322,366,543,101,102 
1068,963,1562,248,106 
382,541,542,1647,53,386 
546,676,293,547,3681,3928 
82,1618,9,10,166,882 
477,111,14,112,1439 
843,117,844,845,818 
109,31,1331,1332 
342,514,822,2283,3861,1247 
606,82,192,477,496 
206,207,586,1120 
206,23,1641,1666 
261,31,545,414,380,2408 
477,393,111,1243,14,112 
607,4,1694 
61,117,1458,1451,1547 
82,156,1353,168,1568,1311,752 
1372,149,2023,844,2254,329 
1174,428,61,178,38,358 
243,650,244,687,2360,1986 
67,411,738,92,93,94,460,667 
157,299,1461 
631,3029,781,2521 
631,183,561,1027,445,1243,750,1439,565,1106 
14,112,2430,2160,2856,493 
1093,808,248,106,108 
1035,240,260,70,816,817 
361,1024,340,169,404,146 
1815,190,1917,808,519,1205 
411,738,340,92,93,460 
1590,37,404,746,3376,1970 
381,639,312,123,645 
123,232,894,1271 
366,163,543,323,247,404,587 
189,393,388,503,50,1785,2601,2381,1810 
75,215,261,179,421,1100 
22,13,448,1225,2099 
184,313,624,195,2714,304 
130,202,35,556,679 
1010,419,570,167,183 
793,206,847,212,2059 
67,1615,404,164,2141 
91,411,619,738,94,529 
1896,448,514,1151,2287 
169,404,170,164 
648,189,171,1749,1335 
189,333,104,234,389,635,677,1891 
161,306,540,210,150 
260,19,553,839 
165,268,84,245,2438 
382,383,1454,384,385,386 
322,206,1092,144,1017,102 
189,143,162,100,101 
123,712,713,1727,1728 
505,35,37,100,718 
2366,148,149,151,152,766 
854,1142,35,37,38,471 
301,366,497,1452,1950 
2088,340,40,41,625 
632,106,1640,520,2036 
142,208,897,209 
661,662,663,664,665,3699 
340,35,36,389,471,522 
128,35,37,679,1276,3427 
142,322,163,543,323,247,100,254,507 
1472,106,932,2209,2210 
1162,16,3296,3297 
709,163,71,380 
312,702,309,323,440,152 
122,40,41,195,141,1068 
940,261,341,946,1428,781,911 
111,112,864,660,1051,2107 
62,115,597,37,1092 
142,196,166,1174,202,143,576,653,992,3532 
415,322,117,263,417 
479,165,3375 
237,116,1092,100,164,1446 
215,1185,1245,2118,875 
393,1595,23,55,1807,2012 
618,309,746,1219,151,152 
193,189,591,1017,171,1018 
340,40,41,2070,432,521,509 
82,1403,478,84 
410,411,22,1264,1265,1050 
938,364,2213,3130 
312,31,262,380,1472 
1347,1228,1012,989,663,2582 
189,184,1,40,41,913 
558,580,781 
646,1867,801,346,3245 
91,439,117,459,94,460,667 
228,149,61,755,100,441 
189,14,736,646,514,699 
62,142,115,854,682,1969,855 
301,337,43,625,626,2671 
1355,633,882,135,190,2603 
382,1487,383,308,385,386 
228,369,309,152,1775,1807,734 
189,801,2293,1943,1701,692,346,356 
313,624,1000,303,20,1863 
62,116,18,1092,247,546,2061 
82,62,430,84,1910 
8,10,148,149,151,152,794,441 
54,824,622,55,1775,2546 
477,185,28,29,30,1362 
597,1376,1377,1268,836,906 
722,723,724,540,195,1021 
477,167,445,232,372,373,514,2412 
142,322,37,1015 
387,1314,390,1315,1612 
312,111,11,364,248,2199 
1348,159,195,2989,919,3595 
196,306,419,222,882,1356 
120,1558 
157,264,639,793 
260,31,414,510,380 
31,1033,1640,1034,3371,3929 
73,428,429,430,84 
277,264,73,266,383,1580 
477,75,215,84,3516,3454 
46,59,60,561,224 
82,45,196,562,83,84 
428,929,977,2637 
82,165,1499,83 
1163,160 
261,102,164,1038 
280,857,195,247,949,833,1126 
142,45,562,563 
18,1652,1653,367,2043 
508,404 
477,1075,84,1209,2006,1533 
111,13,14,448,449,1926 
549,650,373,2642,769 
142,419,3375,1054,225,226 
82,321,99,84,101 
82,748,929,750 
228,116,577,309,431,704,90,739 
117,1225,962,1707,1975 
420,35,36,37,552,203 
619,117,677,200,2969,2884 
40,1702,796 
361,362,169,2405,719,2490 
579,244,687,2848 
165,233,1904,84,1647,1642 
709,322,238,2704,2705 
184,232,373 
1,40,195,509,1492,1763 
483,149,1487,937,1985,308 
223,149,54,882,152 
228,576,206,323,874,1736,705 
621,636,157,196,382,611,123,878,149,159,445,54,577,309,323,389,152,1604 
940,63,1391,16,1392,1393 
165,1301,9,10 
597,834,1376,1377,1268,3802 
604,83,362,117,605,100 
111,169,1325,1007,2226,2196 
31,488,1131,593,2219 
340,288,358,2072,3388,303 
277,2564,1315 
611,612,228,824,309,704,986,584 
569,631,240,1715,133,1988 
448,449,2590,2591,1471 
273,737,613,65,1687 
75,929,389,1445 
45,104,1093,1215 
604,362,100 
1479,16,509,884,808,248 
541,542,218,1615,366,543,404,587,954,771,3877 
165,268,2071,84,650,288 
591,1049,314,514,2442,1794 
854,1174,650,367,38,1929,180 
157,40,41,3,2283,3861 
228,54,195,577,323,144 
604,228,149,61,309,868 
157,123,159,2528,1051,1136 
575,611,612,182,149,1114,369,152,704 
767,75,245,303,1799,3146 
409,618,117,576,369,734 
637,189,914,1454,2493,2391 
82,156,551,129 
715,157,1094,1657 
82,84,96,37 
82,268,84,929,422,1513 
123,296,449,2181 
748,306,487,46,70,1448 
315,881,37,172,920,102 
477,9,10,1243 
82,312,1166,2065,1185 
70,404,6,770 
1615,261,213,164,2141 
45,260,46,149,275,927 
1590,17,1142,37,98 
83,343,345,1390 
62,130,682,1772,116,737 
82,45,562,53 
261,301,33,388,625,305,2780 
322,116,37,169,212,2530 
165,10,458,84,53,1454 
369,1118,817,770 
16,1716,572,78,2213,1983 
910,261,930,40,829,294 
321,99,1443,100,1171 
157,541,182,361,719 
965,972,801,1509,344,345,1989,1357,1538 
1208,6,370,661 
648,503,384,504,3038 
82,1094,168,3672 
232,373,730 
1,1266,572,2445,626,3930 
477,1027,53,369,577 
910,341,946,781,911,3931 
75,340,810,40,41,1854,2455 
1174,428,61,178,38,358 
193,267,671,1349,1923,1155 
122,369,105,55,1775,986 
62,162,116,404,101,15,102 
632,301,402,106,946,2179 
340,261,1,2332,947,2249 
82,84,37,169,19,595 
322,206,169,1092,89,587,102 
18,755,644,2459,80 
228,266,1104,151,113,2149 
1077,149,61,117,151,1604 
1228,1012,1588,663,1013,2451 
156,1403,189,1122,202,1404 
312,123,233,1683,163,1450,16,957,1640 
35,36,37,97,567 
40,521,297,2835,3932,1977 
2322,896,191 
10,306,540,210,61,53 
267,1355,1601,117,746,55 
82,461,393,111,21,23,16,884,2012 
479,2439,540,210,481,446 
715,393,910,111,16,3323 
722,1058,723,149,61,976 
393,123,83,496,23 
562,322,169,594,1121,1178 
142,143,591,1049,1017,360 
477,1027,42,43,2070 
215,261,32,37,421 
117,1081,3270,713,1727,3480 
721,1094,1657,338,351,2343,781,782 
142,45,562,563 
1177,100,509,1823,106,276 
193,682,340,918,1349,1593 
415,163,488,808,519,1711 
82,740,1418,3024,713,1419 
62,930,40,43,141,1303 
1110,4,841,1151,390,842 
228,618,746,151,152,2568 
115,99,323,324,586,1158,510 
46,233,234,224,235,236 
940,261,341,1071,946,781,911 
1185,261,245,388,1246 
366,545,1452,1759,3366 
1033,1917,1473,1331,1830,3371 
82,87,429,494,12,495 
940,636,941,419,995,671 
2493,1244,1450,1560,663,2582 
123,178,1684,245,1246,200 
940,1028,119,120,23,121 
228,266,149,1104,151,2291 
340,40,41,42,2441 
260,369,431,1202,770 
387,390,1800,3016 
82,393,27,185,31,970,761,3444 
82,62,12,1978 
129,196,166,358,180 
189,171,285,1701,3933 
340,40,314,141,1669,1374 
228,1,309,100,794,764 
562,883,1917,380,1300,263 
82,232,3215,94 
513,1375,938,23,509,251 
261,40,41,2647,3934 
541,542,100,402,1796 
420,178,366,1854,359,497,762,360,180,2177 
196,166,67,124,125,503 
222,31,1439,380,895 
84,116,18,100,219,101,831 
62,566,681,158,3132 
228,47,443,100,816,817 
406,228,149,61,1104,151 
669,670,672,3935 
189,494,116,1028,1737,704 
129,315,316,367,19 
340,314,414,1504 
82,45,46,47,496,837 
45,10,562,1715,149 
82,129,315,367 
193,682,340,918,1349,1593 
1352,40,41,547 
233,61,808,355,519 
1372,23,65,331,332 
45,10,260,46,1754 
621,479,1468,45,222,224 
260,340,1118,817,770 
261,929,947,3060,3451 
315,318,319,1401 
914,540 
84,37,1405,1710,207,586,755 
62,130,873,143,116,598,981 
1035,477,487,592,275 
193,62,3879,65,3666,2448 
208,209,377,20,3793 
477,183,111,1000,833 
196,166,61,810,269,178,172,1854 
267,75,428,215,246,1600 
494,316,646,644,80 
109,208,209 
157,1,31,234,380,2502 
382,148,2559,149,151,766 
54,324,207 
148,1298,686,402 
234,71 
910,341,5,509,946,1428,2036,781,663,911 
404,1834 
1998,1134,655,656,657,2107 
1087,23,509,1916,2812,3475 
209,540,210,377,211 
530,1094,412,2289,93,1293 
261,983,1037,3485,3936 
1145,833,1147,390,3937 
792,562,478,195,378,984 
82,636,165,167,168 
82,156,177,18,98,20 
178,556,179,216,246,883 
345,1638,347,1390,2799 
109,1036,3105,3938 
257,258,3939 
75,1185,1,421,1245 
124,369,169,105,449,1385 
604,228,149,605,755,1458 
1105,1065,476,1066 
1,2090,880,197,172,85 
479,181,562,878,233,224 
87,148,144,440,151,152 
404,101,102 
1185 
196,166,404,102,432,2281,2276 
518,670,202,526,1286,364 
914,1968,376,3303 
1025,14,687,2101,547,199 
340,31,545,414,1851,380 
181,45,561,563,96 
415,163,488 
22,23,78,1749,2849,1570 
1002,448,449,1076 
261,404,213,1038 
117,23,1266,364,884,781 
45,46,70 
122,655,656,644,657,3446 
854,35,37,564 
142,54,206,212,144,587 
82,84,273,64 
415,163,488 
206,207,586,2204,102 
82,673,418,488 
738,2097,404,2817 
340,40,41,195,3448,521 
1243,548 
404,363,164,424 
261,930,40,314,2285 
1002,117,431,2137,2512,3940 
1468,47,169,587,967,588,953,954 
1355,576,746,152,55,1495 
142,240,222,143 
296,61,243,244,501,1986 
23,1343,1917,1300,1331,1641 
487,46,23,329,641,249 
340,40,547,141,521,1863,2649,2552 
340,35,36,556,389,471 
30,315,316,172,2577,85 
67,149,387,389,2352 
267,340,43,1000,2716 
99,143,117,100,101 
240,2564,2016,1315 
854,35,367,404,729 
82,84,366,3206 
418,1174,746,119,120,448,855,190 
393,504,1809 
381,227,1620,801 
381,123,834,1198,1268,906,1269 
82,84,68,316,367,2108,2872 
607,244,514,2205,2963 
45,10,274,562,1487,1302 
715,418,161,1024 
1615,163,404,164,1038,2141 
722,161,1010,1635,53,882 
10,148,149,61,404,755 
824,3610,3941,2698 
122,195,2023,1319,2238 
702,309,323,440,151,704,957 
182,228,149,61,576 
193,340,598,918,1923,1593 
720,37,238,701 
387,1489,2512,1427,2862,2867 
62,430,444,19,874,1493 
1352,111,16,200,251 
266,576,1104,151,2171 
123,633,80,3654 
897,212,100,101 
62,128,980,134,1263,1071 
91,411,738,459,93,94,667 
178,1028,179,2142,2143,1100 
10,1129,218,389,221,2339 
82,45,333,957 
54,1220,1225,1838,1839 
579,117,1194,281,1195,1196 
62,115,202,143,37,213 
228,340,261,618,749,151,152,817,796 
1344,343,2424,345,2110,1390 
158,1488,1436,126,467 
763,466,796,548 
604,123,878,233,605 
116,516,2361,2933,493,1737 
178,343,1311,1312,344,345,346,347,348 
82,165,477,277,631,9 
477,87,232,372,373 
10,592,725,149,1386 
261,203,389,3209,3329,1090 
1771,834,835,3594,3736 
606,82,477,1027,40,41 
404,363,1003,164,424,220 
1463,165,264,130,805,429 
202,35,556,359,564 
10,148,228,966,53,151,855 
576,577,152,2171,778 
940,941,715,419 
632,104,31,508,1744,224 
67,80,1066 
721,240,2013,1042 
157,411,738,459,92,460 
629,411,1352,1264,117,1265 
45,10,738,148,333,1458,496,957 
267,542,102,164 
267,228,54,55,1495 
67,411,738,93,94 
1049,116,576,144,1706,231 
1657,794,783 
82,215,202,84,97,19 
561,411,93,94 
322,37,404,207,755,1423 
163,543,323,443 
889,301,269,1733,303 
75,215,303,1799,3146 
364,781,2740,187,1849,2631 
322,361,159,261,755,719 
27,195,1595,364 
157,40,41,2,43,141 
157,296,808,355,1677,809 
479,1009,563 
82,62,1772,84,1263,642 
228,323,443,324,444,455 
228,323,324,444,586,1606 
241,301,40,334,2600 
448,841,1488,1436,272 
361,1,719,3942 
709,37,376,238 
316,14,1028,198,23,1278 
233,488 
268,929,556,245,2016 
1208,340,387,389,796,797,391 
709,423,117,824,1806,1774,1775 
82,1070,2051,461 
296,315,172,317,389 
419,167,3175,1710 
82,183,429,494,12,495 
621,228,309,440,3943 
387,388,389,6,797,390 
1274,3382,490,3060,2722,3944 
45,46,2170,3945,3946 
149,61,54,576,1604,865 
562,322,361,497,719 
1576,1547 
165,431,2851,3341,2587,2852 
212,101,213,15 
1818,1733,1452,190,771,1004 
82,142,638,1054,225,226 
501,37,1452,2945,3947,3948 
99,903,100,101 
382,1067,2033,2034 
82,84,598,923,925,620,1513,384,1514 
62,1276,2183,2184,1824,2186 
82,479,1406,27 
1035,477,158,123 
215,37,3518 
479,86,600,2428,2690 
267,260,414,380,1131,609 
301,1334,303,777,2576 
40,547,141,2394,3015,3899 
100,1472,1473 
387,68,726,388,797,2771 
340,40,41,42,1329 
260,228,369,169,105,95 
488,510,1917,330,3665,3232 
611,296,338,309,23 
296,40,41,178 
45,10,46,312,87,149,1839 
418,45,196,161,1094,562 
45,306,1027,445,793,275 
142,264,1772,143,440,642 
715,406,228,149,1104,151 
82,637,21,1519,1520 
216,246,95,3457 
157,40,2,43,2777,1251 
1597,1516,80,1598,1599 
228,261,746,1199,837,1200 
184,185,1061,730,756,188 
67,1533,388,1951,2195,2396 
812,226,490,2424,3391 
402,276 
373,475,2413,3544 
82,156,165,45,748 
393,123,111,750 
99,100,101 
561,340,40,41,547,911 
834,40,293,1051,797,295 
740,686,1550,742,743 
312,562,415,329,262 
206,404,207,1962,102,1120 
165,1010,1094,1292 
306,1091,233,1024,1642 
228,309,746,151,152 
111,1025,676,293,23,547 
722,1058,723,149,61,976 
157,40,41,178,1854,433 
261,144,918,1349,1923 
419,1841,2640,1842,1390 
129,316,880,367,921 
1110,675,37,819,945 
67,124,387,389,390 
82,86,291,882,206,3018 
116,508,212,1159,1215 
157,411,738,93,94,460 
46,149,276 
129,84,315,316,367,2241,19 
709,423,340,824,1806,1774,1807 
633,1533,431,3949 
648,243,501,117,1234 
62,128,130,84,980,1276 
228,369,309,746,152,191 
340,810,40,41,829,625 
722,10,897,1058,723,724,149 
709,366,116,37,376 
721,1010,419,2159,882 
722,723,149,823,521,2467 
165,9,84,40,41 
189,1597,281,1203,1195,1196 
45,477,333,361,1024,957 
561,31,89,414,380 
810,313,624,172 
49,3071,1097 
84,929,117,1450,1197,1932 
810,269,775,625 
1,930,40,41,913 
810,313,624,779,947 
82,638,168,2694,3125 
340,213,164,1038 
562,322,361,363,719 
428,215,1960,36,39 
264,73,1279,266,383 
161,10,222,336,1067,2402 
652,340,1,269,36,945 
84,313,624,172,785,1863 
1129,117,219,1633,1438,221 
479,848,481,446,1752,1298 
91,411,459,92,94 
1162,1163,2790 
82,311,1027 
494,316,14,431,493,1987 
189,184,159,234,357 
62,2183,3162,2358,2184 
296,608,3354,841,713,1727 
165,268,84,552,358,359 
149,54,755,151,152,441 
608,751,79,815 
82,597,84,834,835 
218,349,71,1656,1339 
157,296,159,1578,1667,2550 
128,505,130,682,35,679 
1352,328,111,794,661 
82,562,84,543,323,247 
99,143,404,100,101 
82,196,189,494,2047,16,2137 
340,40,41,342 
208,209,709,233,488 
82,505,215,84,35,36,803,564 
10,724,149,116,587,151,1918 
189,336,1002,337,3735,2075 
419,242,99,597,363,3950 
1499,1010,419,592,2159,882 
40,41,388,69,3433 
228,709,206,169,100,1218 
301,313,624,507,947,363,625 
228,338,116,824,23 
1453,914,1744,2091 
322,366,37,755,2901,2593 
1605,301,343,135,516,625 
143,598,213,785,1023 
910,341,946,781,911,3886 
208,209,914,104,1744 
115,14,2361,230,905,3101 
361,1,1445 
82,84,677,1401,800,1947 
1243,618,449,456,804,770 
428,215,245,246,796,1600 
393,709,116,431,2636,3884 
877,725,540 
228,576,874,1421,1735 
810,313,624,775 
1294,472,3219 
82,1094,1115,1298,93 
41,36,271,303,3107,3308 
45,59,60,611,612,577 
82,393,1841,2640,490,1389,1390 
189,494,810,315,319,3913 
82,156,90 
404,1003,424 
189,604,46,233,117,605 
240,46,133,136 
670,430,14,514,1349 
156,161,1010,168,90 
104,404 
606,526,22,3004,65,2315 
393,123,83,1243,23 
133,71,136 
228,793,309,847,794 
240,46,618,369,816 
233,1901,163,6,1127 
169,404,170,837 
477,84,1968,18,169 
125,702,309,746,152,1807 
606,518,526,1286,703,1716 
86,165,161,183,83,446 
122,1093,340,362,755,497 
281,282,3951 
315,316,317,318,2032,319 
128,2220,111,1883,2100,1884,679,3201 
2006,384,1163,712,2007,713 
202,545,825,1630,913,1632 
267,301,440,271,6,20 
82,530,638,461 
941,1403,1122,670,202,1669,1670,3796 
4,963,330,1106,2054,968 
965,972,801,344,1538 
159,387,799 
45,575,10,709,1033 
267,67,123,124,712,1106,713 
878,40,297,1585,1634,298 
196,166,75,333,322,19,586,755,1015,1214,954,1215,804,1140,1343 
1291,411,1364 
129,367,2577,511,69,318 
1162,351,1479,884,782,3952 
767,420,1185,1730 
243,244,1443,1194,796,1600 
189,1145,16,808,1916,469 
404,164,2688 
393,183,123,509 
45,1181,46,1521,149 
42,43,2328,661 
2163,344,345,1638,347 
382,914 
541,542,163,543,443 
530,740,741,742,692,713 
1,40,41,594,625,956 
82,1087,78,1547 
914,927,589 
112,608,3203,3138 
301,269,1819,616,1192 
148,53,577,323,152,794 
301,41,2,642,1645,2317 
209,540,210,377,211 
483,604,562,914,149,53 
528,91,439,459,92,251 
233,163,224,488,1036 
165,477,312,40,43,389,2070 
393,1185,1028,1223,659 
1841,1941,756,3163,3953,3954 
62,477,84,1325,1092 
129,505,639,2410,35,37 
189,896,1104,199,191 
10,222,61,117,369,739 
40,414,2672,946,710,2693 
178,366,172,545,198,1452 
189,497,2214,389,616,2861 
1094,411,619,1166,168,1293,3643 
1352,338,642,16,357 
261,624,1345,2697,1169,627 
1403,189,2160,1547,2547,285 
407,54,151,152,1495 
914,1113,1173 
322,162,366,543 
821,199,876,473,2459,860 
86,45,721,133,149,2728 
261,1960,1799,2503,3955 
562,322,361,1306,1991,719 
189,123,873,430,1678,874,497,270,1451 
604,169,587,102 
267,260,31,370,1300 
1225,962,1707,710 
2492,2065,118,555,286,421,1541 
600,228,53,1806,1774,2367,2066 
206,207,1962,3005 
10,149,61,54,577,151,816 
267,70,404,1118,770 
37,942,2125,944 
387,303,797,390,798,799 
82,62,143,84,981 
40,95,297,298,299,300 
1590,37,100,3487 
165,477,563,633,1439,98 
604,233,605,224 
82,232,372,2402 
195,736,503,50,1785 
405,371,857,1305,2239,2832 
178,343,1311,1312,344,345,346,347,348 
273,737,65,1687 
2433 
1850,1331,1332,332 
260,46,1487,224,151 
190,801,1701,346,3445,2941 
1468,45,196,161,1354 
84,206,207 
10,148,228,149,404,1486 
142,376,212,213,553,2281 
156,165 
267,763,842 
2071,40,41,625,946,956 
161,419,570,167,1354,1074 
75,215,243,244,245,246 
156,575,604,149,938,1640 
260,31,1201,1381,1922 
419,167,2341,1876,63 
208,209,540,377 
434,306,124,149,1314,378 
1408,190,1946,800,1947,692 
37,18,653,1658 
137,138,61,139,140 
597,834,1376,1377,1268,3802 
9,746,2223,2214,448,272 
555,37,556,358,180 
940,1841,344,345,2110 
82,418,196,166,149,275,435 
208,914,270,3031,628,1756 
196,166,513,821,1479,199,876,473,1466,2139,2459,860 
554,562,322,149,1027,755 
517,431,475,799,3426 
1726,971,712,713,1727,1728 
1295,37,2042,451,2709 
222,261,31,380,1127 
2224,1059 
321,516,102,3032 
1726,21,2585,2906 
142,228,143,117,903,144 
1058,723,725,2627,2197 
156,483,181,637,209,517 
37,38,581,680,131 
142,1406,189,143,53,1067,736,363 
415,632,104,31,508,1744,224 
452,1146,1065,475,476 
477,8,14,372 
59,60,106,1339,2285,1428 
2151,618,195,749,95 
208,209 
472,906,2904,2668 
208,209,1939,3399,3956 
157,40,41,2,605,106 
206,207,586,516 
82,122,118,32,957,958 
206,1917,263,1641,1666 
100,3069,1757 
149,61,309,1104,151,152 
111,256,14,112,1256,2385 
122,562,125,2104,1343,1331 
165,84,1597,2090,2950 
99,404,100,101,1078 
541,542,84,543,443,247 
267,910,3528,780,781,911,2824 
340,1051,946,781,2345,2521 
530,1310,637,9 
972,2098,1943,344,345,2657 
419,462,232,372 
82,709,540,210,84,1325 
82,75,312,215,768 
232,646,198,677,800,356 
62,128,264,130,805 
82,382,562,84,435 
97,920,921,457,603,1937 
11,496,23,248,2645 
82,530,910,2341,63,1391 
280,1597,281,858 
1243,337,447,1322,919 
111,14,457,24,171 
1181,228,338,702 
82,274,1350,185,23 
1177,1074,70,31,262 
123,740,1367,565,1106,968 
83,1164,80,1503,1229,2826 
393,232,1595,1325,154,1467 
82,149,84,702,151,837 
148,228,149,1747,151,766 
233,47,224 
208,209,647,270,2157,677 
62,1325,497,154,1467 
477,1301,9,10,210 
222,750,152,816,817 
239,1181,1355,61 
240,33,1612 
162,100,164,424,3723 
82,721,1094,619,2343,568 
40,297,298,3011,3012 
45,306,604,46,605,746,235,389 
117,763,4,1106,2625,713 
371,730,886,732,1804,3663 
404,516,546,102,1170,1760 
228,47,746,816 
13,14,849 
740,117,1418,1106,2054,713 
322,84,37,323,443,324,444 
149,61,1104,151,152,191 
23,608,1749,2381,2760,2233 
1671,149,2159,103,1155 
14,661,759,3494,331,332 
148,117,448,3534 
477,393,478,84,168 
477,1027,810,337,314,43 
1985,1,740,1899,1151,2290 
606,351,2155,1783,1567 
296,287,179,288,289,290 
40,3240 
670,111,202,650,3011,2956 
232,1824 
1010,419,592,723,965,882 
62,873,430,170,874,95 
562,322,361,366,363,719 
123,549,11,23,248 
267,910,661,780,781,911,3088 
1406,854,53,343,1067,2424,2425 
763,1899,1106,2625,713 
45,477,333,361,1024,1458 
35,36,37,97,100,471 
109,45,1715,218,133,1834,90,1746 
111,198,16,699,2782 
10,540,976,389,1369,3253 
655,656,657,580 
333,361,362,234,169,363 
82,87,1166,53,369,577 
82,1035,461,83,111 
313,624,117,172,947,1475 
157,301,40,521,433 
267,753,369,309,152,23 
740,37,1600,787 
483,73,382,149,1985,308 
156,621,183,800,1947,1941 
71,643,2693 
75,929,1684,245,449 
137,138,1077,139 
434,642,402,106,1339 
407,1220,1961 
878,243,999,939,524,1001 
631,189,183,1166,19,450,522,1167 
10,148,149,151,794,1569 
2256,1525 
75,965,296,3294,716,717 
2772,885,474,475,476,2390 
1091,163,329,509,641,1506 
148,228,149,151,1266,2594 
109,721,419,149,275 
82,306,570,724,540,3461 
115,591,2709,2086 
149,61,54,576,1604 
133,221,988,989 
