0 1060
1 606
2 3397
3 82
4 156
5 1070
6 869
7 2301
8 621
9 192
10 536
11 2725
12 1294
13 2909
14 940
15 636
16 669
17 530
18 193
19 767
20 853
21 790
22 2025
23 754
24 2643
25 62
26 128
27 1463
28 1035
29 311
30 772
31 1590
32 941
33 479
34 239
35 483
36 86
37 1156
38 165
39 142
40 722
41 109
42 2051
43 267
44 434
45 1372
46 208
47 600
48 715
49 2261
50 1310
51 1084
52 1618
53 569
54 486
55 157
56 2258
57 1468
58 551
59 129
60 673
61 674
62 418
63 181
64 45
65 196
66 784
67 554
68 648
69 477
70 480
71 161
72 1776
73 575
74 1301
75 1009
76 721
77 637
78 7
79 277
80 8
81 748
82 1499
83 1112
84 631
85 9
86 10
87 264
88 1406
89 137
90 138
91 1129
92 2049
93 278
94 381
95 166
96 306
97 1144
98 1010
99 265
100 487
101 1963
102 1098
103 115
104 948
105 419
106 73
107 240
108 570
109 638
110 1403
111 1181
112 2083
113 74
114 75
115 505
116 382
117 194
118 2428
119 2690
120 327
121 2557
122 3776
123 274
124 566
125 405
126 681
127 922
128 189
129 158
130 3132
131 1091
132 2013
133 167
134 461
135 1705
136 897
137 1350
138 1911
139 241
140 1094
141 67
142 1758
143 1279
144 792
145 122
146 2427
147 393
148 1739
149 1900
150 268
151 420
152 1798
153 2814
154 2190
155 1726
156 995
157 1420
158 410
159 528
160 91
161 2088
162 1999
163 862
164 1162
165 406
166 407
167 607
168 2322
169 260
170 335
171 604
172 17
173 854
174 27
175 1174
176 848
177 592
178 1058
179 723
180 46
181 996
182 959
183 960
184 961
185 2002
186 1291
187 2151
188 896
189 2439
190 1077
191 130
192 1208
193 1122
194 1274
195 2366
196 639
197 1853
198 209
199 2837
200 1536
201 910
202 2279
203 541
204 542
205 312
206 184
207 1671
208 58
209 870
210 59
211 60
212 629
213 1366
214 965
215 611
216 612
217 182
218 183
219 561
220 2068
221 974
222 1347
223 1348
224 411
225 177
226 619
227 846
228 738
229 2540
230 428
231 2440
232 215
233 652
234 3067
235 3068
236 222
237 1635
238 291
239 2495
240 1353
241 292
242 87
243 1521
244 2115
245 1478
246 484
247 2337
248 2429
249 1115
250 123
251 296
252 1280
253 148
254 3568
255 1483
256 3407
257 2224
258 1657
259 1292
260 562
261 1059
262 439
263 223
264 1832
265 2410
266 1354
267 2700
268 3047
269 2558
270 2559
271 333
272 228
273 709
274 3707
275 2071
276 287
277 1166
278 2341
279 966
280 412
281 1738
282 877
283 724
284 1453
285 124
286 1344
287 1877
288 1771
289 242
290 266
291 3175
292 805
293 429
294 415
295 88
296 878
297 83
298 321
299 99
300 1605
301 1320
302 478
303 3158
304 3805
305 3806
306 914
307 599
308 597
309 725
310 540
311 1352
312 2350
313 517
314 233
315 2602
316 1850
317 322
318 1715
319 2289
320 361
321 2492
322 1587
323 632
324 104
325 218
326 349
327 1765
328 753
329 682
330 1459
331 2336
332 2069
333 889
334 2363
335 1772
336 153
337 2220
338 133
339 843
340 1328
341 338
342 149
343 1093
344 1177
345 2510
346 210
347 3596
348 3035
349 823
350 1024
351 1477
352 159
353 423
354 563
355 1095
356 1096
357 1355
358 494
359 328
360 458
361 1053
362 1074
363 340
364 1460
365 2022
366 1157
367 518
368 307
369 1876
370 2267
371 1114
372 1903
373 549
374 63
375 1101
376 2078
377 1063
378 185
379 28
380 29
381 30
382 1338
383 1530
384 1027
385 445
386 3154
387 670
388 1494
389 3375
390 1075
391 1718
392 2011
393 111
394 917
395 649
396 1487
397 1898
398 937
399 1408
400 1904
401 2400
402 531
403 21
404 1841
405 2640
406 383
407 1985
408 202
409 408
410 409
411 436
412 2065
413 118
414 1185
415 462
416 1086
417 1531
418 61
419 873
420 430
421 143
422 1317
423 1902
424 1432
425 1243
426 70
427 125
428 1601
429 1901
430 84
431 1580
432 1890
433 1615
434 980
435 2248
436 571
437 336
438 3073
439 3074
440 250
441 757
442 3602
443 237
444 362
445 261
446 1
447 168
448 2694
449 31
450 618
451 702
452 768
453 2496
454 2805
455 1484
456 1689
457 11
458 308
459 280
460 1270
461 720
462 590
463 1647
464 1642
465 387
466 3856
467 1020
468 1238
469 3803
470 983
471 1786
472 1142
473 579
474 2159
475 301
476 526
477 1286
478 930
479 1125
480 834
481 1414
482 243
483 3905
484 1896
485 1109
486 1897
487 929
488 1683
489 1960
490 810
491 313
492 624
493 32
494 1470
495 2675
496 269
497 371
498 645
499 40
500 41
501 856
502 857
503 650
504 3466
505 48
506 2270
507 1002
508 22
509 351
510 3631
511 812
512 1597
513 2090
514 2950
515 786
516 1934
517 3493
518 232
519 633
520 3204
521 2
522 740
523 544
524 1817
525 1954
526 234
527 325
528 894
529 53
530 1454
531 54
532 162
533 195
534 1542
535 1543
536 273
537 1510
538 1511
539 1967
540 835
541 591
542 1998
543 244
544 501
545 1209
546 970
547 1462
548 68
549 726
550 315
551 879
552 316
553 880
554 881
555 1110
556 1248
557 178
558 900
559 1345
560 1025
561 197
562 2056
563 2414
564 1386
565 3571
566 1304
567 1049
568 1134
569 1135
570 1295
571 366
572 1380
573 3206
574 1288
575 116
576 683
577 12
578 1684
579 13
580 2931
581 1264
582 2314
583 3004
584 513
585 675
586 598
587 1883
588 2100
589 1884
590 163
591 117
592 35
593 1395
594 1314
595 36
596 824
597 508
598 903
599 1443
600 555
601 1302
602 998
603 892
604 256
605 1913
606 2741
607 3215
608 1753
609 96
610 793
611 47
612 481
613 446
614 463
615 1201
616 576
617 37
618 343
619 2599
620 1752
621 2648
622 1067
623 1818
624 134
625 1298
626 882
627 2840
628 3713
629 286
630 482
631 605
632 901
633 459
634 1405
635 2163
636 369
637 577
638 749
639 2042
640 14
641 1502
642 3008
643 172
644 1854
645 1595
646 1710
647 309
648 372
649 2058
650 495
651 206
652 1907
653 1968
654 18
655 169
656 1652
657 1653
658 367
659 135
660 1021
661 2513
662 942
663 3339
664 2006
665 1533
666 819
667 820
668 821
669 3516
670 3454
671 42
672 341
673 1325
674 1092
675 1028
676 697
677 33
678 97
679 1678
680 556
681 543
682 323
683 594
684 1121
685 443
686 247
687 324
688 444
689 376
690 2241
691 545
692 779
693 19
694 38
695 557
696 275
697 1744
698 2173
699 3177
700 2493
701 224
702 2961
703 727
704 1747
705 728
706 1087
707 150
708 3461
709 622
710 2097
711 671
712 2026
713 2027
714 1873
715 416
716 1054
717 225
718 226
719 2247
720 1104
721 488
722 2038
723 847
724 404
725 207
726 586
727 238
728 212
729 2189
730 755
731 100
732 219
733 101
734 1387
735 1305
736 595
737 516
738 455
739 144
740 686
741 145
742 2621
743 2822
744 2595
745 2823
746 2239
747 179
748 2615
749 2926
750 829
751 1440
752 373
753 1036
754 1826
755 736
756 257
757 2399
758 1725
759 2299
760 1244
761 3131
762 254
763 920
764 737
765 1289
766 288
767 923
768 552
769 924
770 925
771 245
772 2438
773 358
774 359
775 1223
776 3629
777 1007
778 1008
779 1787
780 2838
781 3417
782 337
783 2402
784 489
785 2964
786 1556
787 2464
788 3879
789 1011
790 388
791 2319
792 89
793 3403
794 976
795 1815
796 2888
797 92
798 93
799 750
800 435
801 170
802 874
803 314
804 43
805 1988
806 971
807 1479
808 1915
809 421
810 1732
811 317
812 216
813 537
814 342
815 596
816 1965
817 2125
818 3419
819 646
820 647
821 2222
822 746
823 2204
824 2332
825 3622
826 558
827 1257
828 581
829 582
830 700
831 422
832 1450
833 706
834 2223
835 1606
836 2704
837 497
838 1188
839 1218
840 546
841 979
842 507
843 1423
844 213
845 831
846 3075
847 653
848 217
849 431
850 1388
851 972
852 1375
853 451
854 2709
855 1526
856 3096
857 701
858 1413
859 620
860 1275
861 2749
862 975
863 440
864 1910
865 613
866 2214
867 1806
868 1326
869 2392
870 1969
871 803
872 729
873 1179
874 981
875 1262
876 1607
877 1608
878 64
879 2246
880 1733
881 1143
882 938
883 947
884 587
885 2335
886 374
887 235
888 1649
889 1219
890 363
891 921
892 1404
893 3347
894 1232
895 871
896 703
897 2727
898 3119
899 2763
900 825
901 1458
902 553
903 154
904 1563
905 3099
906 105
907 964
908 2815
909 1685
910 1245
911 2354
912 2112
913 1691
914 676
915 258
916 2899
917 654
918 229
919 679
920 680
921 203
922 204
923 39
924 2361
925 2933
926 2449
927 3000
928 2985
929 2577
930 198
931 1373
932 1105
933 2294
934 2635
935 1513
936 1197
937 1932
938 2033
939 15
940 775
941 389
942 246
943 3137
944 2393
945 687
946 1180
947 1276
948 1928
949 1929
950 1233
951 2520
952 1263
953 492
954 112
955 71
956 334
957 2959
958 806
959 1474
960 711
961 868
962 119
963 1186
964 120
965 2023
966 978
967 3082
968 1445
969 990
970 1189
971 151
972 447
973 1576
974 1360
975 1439
976 2505
977 139
978 1422
979 3840
980 293
981 2662
982 3841
983 3170
984 1391
985 3382
986 490
987 3060
988 785
989 1023
990 630
991 1220
992 152
993 1755
994 1696
995 3216
996 94
997 2142
998 2229
999 2230
1000 140
1001 1088
1002 1089
1003 1948
1004 1949
1005 3732
1006 3733
1007 1885
1008 2480
1009 496
1010 1017
1011 227
1012 2802
1013 378
1014 984
1015 564
1016 1435
1017 23
1018 1498
1019 131
1020 511
1021 69
1022 65
1023 1211
1024 1558
1025 642
1026 2756
1027 1271
1028 2757
1029 2101
1030 547
1031 270
1032 302
1033 1528
1034 863
1035 2697
1036 1015
1037 2685
1038 3266
1039 1886
1040 2376
1041 1680
1042 3452
1043 2095
1044 141
1045 1924
1046 3218
1047 1080
1048 199
1049 2157
1050 448
1051 457
1052 24
1053 1285
1054 205
1055 471
1056 791
1057 2918
1058 855
1059 2087
1060 214
1061 377
1062 449
1063 514
1064 3009
1065 2729
1066 655
1067 656
1068 644
1069 1748
1070 2851
1071 2701
1072 2585
1073 2870
1074 1369
1075 503
1076 1133
1077 762
1078 2082
1079 758
1080 1633
1081 794
1082 927
1083 3246
1084 1266
1085 98
1086 1214
1087 2282
1088 2117
1089 2982
1090 741
1091 2183
1092 2568
1093 2389
1094 1687
1095 2714
1096 2534
1097 2255
1098 49
1099 718
1100 994
1101 1962
1102 2769
1103 2061
1104 2676
1105 876
1106 985
1107 1234
1108 1674
1109 132
1110 1158
1111 1159
1112 1961
1113 1475
1114 634
1115 659
1116 2379
1117 3124
1118 1421
1119 384
1120 3282
1121 1675
1122 1198
1123 1235
1124 2304
1125 1452
1126 1759
1127 3366
1128 1981
1129 1003
1130 635
1131 326
1132 3529
1133 1639
1134 2548
1135 85
1136 318
1137 190
1138 2193
1139 999
1140 2032
1141 319
1142 2564
1143 3183
1144 1061
1145 730
1146 1381
1147 2842
1148 1145
1149 3
1150 1418
1151 1175
1152 1550
1153 3422
1154 1322
1155 3653
1156 2047
1157 830
1158 16
1159 2137
1160 1529
1161 2702
1162 3125
1163 2841
1164 1720
1165 2398
1166 1376
1167 1377
1168 1485
1169 1378
1170 1379
1171 3921
1172 1268
1173 414
1174 2535
1175 3031
1176 1433
1177 1434
1178 2527
1179 776
1180 935
1181 3091
1182 1688
1183 1424
1184 1425
1185 677
1186 678
1187 1165
1188 2081
1189 991
1190 102
1191 2070
1192 2783
1193 608
1194 1290
1195 1628
1196 1079
1197 967
1198 844
1199 2254
1200 329
1201 1532
1202 2226
1203 2217
1204 230
1205 2430
1206 2160
1207 2856
1208 493
1209 171
1210 44
1211 1071
1212 949
1213 1514
1214 567
1215 588
1216 255
1217 589
1218 643
1219 2143
1220 688
1221 1994
1222 845
1223 818
1224 763
1225 1827
1226 840
1227 1867
1228 1401
1229 864
1230 506
1231 1194
1232 836
1233 1767
1234 320
1235 3582
1236 2029
1237 1029
1238 452
1239 453
1240 454
1241 2487
1242 707
1243 2488
1244 2215
1245 2216
1246 1037
1247 1545
1248 1546
1249 4
1250 698
1251 699
1252 2607
1253 2608
1254 3448
1255 432
1256 1467
1257 1178
1258 1476
1259 1716
1260 2225
1261 694
1262 695
1263 1669
1264 2660
1265 5
1266 1170
1267 2441
1268 472
1269 1410
1270 3802
1271 1946
1272 800
1273 1947
1274 1941
1275 1227
1276 1228
1277 1012
1278 987
1279 2885
1280 397
1281 398
1282 2553
1283 155
1284 943
1285 944
1286 945
1287 2019
1288 2976
1289 1987
1290 3354
1291 1000
1292 1246
1293 364
1294 1076
1295 473
1296 773
1297 905
1298 3101
1299 908
1300 1737
1301 704
1302 3689
1303 1056
1304 2903
1305 1451
1306 271
1307 841
1308 1488
1309 1617
1310 50
1311 2500
1312 1568
1313 684
1314 1834
1315 1239
1316 1899
1317 1151
1318 2290
1319 3024
1320 957
1321 1293
1322 2053
1323 3430
1324 1658
1325 1581
1326 1582
1327 464
1328 34
1329 1341
1330 1588
1331 1082
1332 1342
1333 1706
1334 1557
1335 950
1336 1153
1337 1436
1338 272
1339 899
1340 1661
1341 2170
1342 2171
1343 1199
1344 3328
1345 1735
1346 441
1347 601
1348 521
1349 1869
1350 761
1351 1100
1352 200
1353 3054
1354 3055
1355 1703
1356 1171
1357 3032
1358 3465
1359 958
1360 1789
1361 2528
1362 1206
1363 1334
1364 1662
1365 512
1366 2287
1367 2207
1368 2208
1369 191
1370 2766
1371 3122
1372 1773
1373 1465
1374 1918
1375 2848
1376 1566
1377 3913
1378 538
1379 539
1380 1702
1381 2672
1382 1497
1383 1534
1384 3241
1385 816
1386 1604
1387 865
1388 685
1389 1768
1390 1769
1391 1770
1392 360
1393 1630
1394 1361
1395 904
1396 55
1397 1774
1398 1775
1399 2546
1400 2776
1401 986
1402 764
1403 1908
1404 1807
1405 2786
1406 2383
1407 837
1408 2305
1409 1493
1410 832
1411 1085
1412 1118
1413 2412
1414 2284
1415 657
1416 1549
1417 3072
1418 2221
1419 2987
1420 281
1421 1914
1422 1203
1423 413
1424 3619
1425 3303
1426 1078
1427 1204
1428 1047
1429 1872
1430 1221
1431 2758
1432 572
1433 580
1434 2072
1435 1224
1436 2484
1437 1265
1438 583
1439 1207
1440 2806
1441 2807
1442 906
1443 822
1444 1622
1445 3321
1446 2079
1447 1681
1448 2794
1449 2795
1450 1736
1451 1495
1452 817
1453 1956
1454 164
1455 424
1456 953
1457 385
1458 121
1459 2360
1460 1986
1461 126
1462 127
1463 2674
1464 3036
1465 3388
1466 939
1467 352
1468 2772
1469 509
1470 3071
1471 849
1472 850
1473 1225
1474 1939
1475 1163
1476 2893
1477 660
1478 3111
1479 310
1480 602
1481 603
1482 6
1483 303
1484 1038
1485 534
1486 456
1487 1729
1488 1937
1489 913
1490 2102
1491 2753
1492 866
1493 807
1494 1489
1495 1490
1496 691
1497 1041
1498 2024
1499 838
1500 1670
1501 867
1502 1367
1503 2543
1504 510
1505 1620
1506 858
1507 3107
1508 1966
1509 2094
1510 2946
1511 1740
1512 2967
1513 1351
1514 375
1515 3304
1516 3443
1517 1559
1518 95
1519 1491
1520 883
1521 833
1522 708
1523 1496
1524 1823
1525 1323
1526 2907
1527 3444
1528 1426
1529 160
1530 1920
1531 1609
1532 1921
1533 1583
1534 78
1535 3561
1536 3562
1537 1311
1538 3453
1539 751
1540 56
1541 370
1542 466
1543 90
1544 1018
1545 1019
1546 3643
1547 465
1548 2972
1549 3076
1550 1781
1551 2571
1552 1942
1553 1547
1554 1663
1555 2098
1556 79
1557 2043
1558 1407
1559 450
1560 3193
1561 2409
1562 1953
1563 1389
1564 368
1565 3560
1566 2597
1567 951
1568 952
1569 1193
1570 796
1571 705
1572 2084
1573 614
1574 1745
1575 1081
1576 1760
1577 2965
1578 1629
1579 353
1580 354
1581 884
1582 885
1583 886
1584 887
1585 394
1586 1862
1587 2108
1588 1051
1589 2499
1590 2433
1591 113
1592 2665
1593 2666
1594 3730
1595 2059
1596 578
1597 1957
1598 2509
1599 2281
1600 1600
1601 2537
1602 3396
1603 3198
1604 2315
1605 2316
1606 774
1607 1336
1608 1574
1609 584
1610 1722
1611 2947
1612 2420
1613 3427
1614 2411
1615 1210
1616 1636
1617 3148
1618 2016
1619 585
1620 2030
1621 2031
1622 954
1623 2008
1624 3476
1625 1842
1626 2958
1627 1782
1628 1650
1629 752
1630 522
1631 1167
1632 2104
1633 437
1634 438
1635 1697
1636 2883
1637 3335
1638 3336
1639 1577
1640 801
1641 2710
1642 1044
1643 1045
1644 3678
1645 1146
1646 1147
1647 1172
1648 146
1649 3152
1650 640
1651 1843
1652 826
1653 1312
1654 2461
1655 1161
1656 2422
1657 3549
1658 2575
1659 2872
1660 733
1661 1097
1662 2141
1663 1974
1664 893
1665 1402
1666 1731
1667 3264
1668 2554
1669 2590
1670 2591
1671 1471
1672 1120
1673 2483
1674 3402
1675 180
1676 3062
1677 3063
1678 1643
1679 1384
1680 907
1681 201
1682 1919
1683 2126
1684 2977
1685 2948
1686 2984
1687 2205
1688 1050
1689 3145
1690 2589
1691 1152
1692 1313
1693 2656
1694 3007
1695 1269
1696 1676
1697 2191
1698 2470
1699 57
1700 2995
1701 1623
1702 2908
1703 379
1704 20
1705 425
1706 1438
1707 2927
1708 3151
1709 962
1710 535
1711 1215
1712 2276
1713 3553
1714 3554
1715 3348
1716 2003
1717 3870
1718 2177
1719 1057
1720 2748
1721 804
1722 1031
1723 2839
1724 3854
1725 3026
1726 3767
1727 2401
1728 3437
1729 1812
1730 3559
1731 25
1732 262
1734 3362
1735 2397
1736 1277
1737 1519
1738 1520
1739 2781
1740 1785
1741 392
1742 2012
1743 2080
1744 3222
1745 1861
1746 1522
1747 1195
1748 1196
1749 2293
1750 1130
1751 491
1752 251
1753 1319
1754 1176
1755 2614
1756 2512
1757 467
1758 778
1759 2331
1760 1859
1761 992
1762 3532
1763 3157
1764 1469
1765 909
1766 1016
1767 2747
1768 1168
1769 1169
1770 2687
1771 2035
1772 1631
1773 1856
1774 220
1775 1822
1776 3059
1777 1030
1778 797
1779 390
1780 3196
1781 2114
1782 3369
1783 3039
1784 3370
1785 1610
1786 1611
1787 1466
1788 236
1789 1851
1790 1140
1791 1343
1792 2715
1793 3824
1794 3686
1795 872
1796 2458
1797 2139
1798 1624
1799 3537
1800 3114
1801 734
1802 1116
1803 735
1804 1448
1805 2014
1806 1730
1807 2514
1808 2801
1809 916
1810 2459
1811 860
1812 1217
1813 3577
1814 2549
1815 2921
1816 2421
1817 1315
1818 51
1819 3556
1820 2508
1822 3777
1823 3149
1824 76
1825 3209
1826 3210
1827 2351
1828 3120
1829 1048
1830 1068
1831 1069
1832 1033
1833 1766
1834 1005
1835 2384
1836 2154
1837 798
1838 2155
1839 1800
1840 2791
1841 1065
1842 2442
1843 1602
1844 1694
1845 2989
1846 3901
1847 3902
1848 3903
1849 1881
1850 1272
1851 1273
1852 1362
1854 1802
1855 2990
1856 1659
1857 2991
1858 1523
1859 173
1860 174
1861 3804
1863 3501
1864 1190
1865 3205
1866 1695
1867 977
1868 1819
1869 1693
1870 963
1871 402
1872 1562
1873 1847
1874 1704
1875 2298
1876 2901
1877 2593
1878 1480
1879 1917
1880 3630
1881 3758
1882 1370
1883 2696
1884 1848
1885 731
1886 474
1887 475
1888 3569
1889 523
1890 2882
1891 3491
1892 2424
1893 3540
1894 1437
1895 3064
1896 2103
1897 3306
1898 2445
1899 3547
1900 712
1901 2632
1902 2633
1903 3735
1904 1524
1906 2156
1907 1113
1908 1927
1909 3181
1910 2202
1911 2192
1912 1504
1914 2474
1917 918
1918 3911
1919 1707
1920 1975
1921 2565
1922 839
1923 2368
1924 3133
1925 3651
1926 1371
1927 3180
1928 808
1929 1799
1930 3329
1931 1860
1932 1255
1933 2268
1934 3513
1935 3495
1936 3835
1937 248
1938 2519
1940 3058
1941 2123
1942 1625
1943 933
1944 3016
1945 1515
1946 1516
1947 330
1948 3665
1949 3232
1950 355
1951 519
1952 1656
1953 2716
1954 3044
1955 3486
1957 1584
1958 3482
1959 3305
1960 2551
1961 3040
1962 1783
1963 1374
1964 3030
1965 504
1966 1938
1967 3583
1968 1864
1969 3194
1970 136
1971 476
1972 1959
1973 3056
1974 3057
1975 380
1976 1300
1977 263
1978 1472
1979 3105
1980 1202
1981 2887
1982 3358
1983 106
1984 1492
1985 2796
1986 1922
1987 524
1988 2738
1989 898
1991 2180
1992 625
1993 626
1994 1565
1995 2455
1996 3442
1997 627
1998 628
1999 1505
2001 2140
2002 1564
2003 525
2004 221
2005 988
2006 989
2007 426
2008 297
2009 1473
2010 1711
2011 1875
2012 2677
2013 1640
2014 520
2015 777
2016 2334
2017 1795
2018 2603
2019 2895
2020 3838
2021 186
2022 3373
2023 2659
2024 2860
2025 1365
2026 2994
2027 2249
2028 3632
2029 559
2032 2120
2033 1654
2034 77
2036 110
2037 2273
2038 1870
2039 1022
2040 672
2041 1249
2042 842
2044 1719
2045 3207
2046 1136
2047 3256
2048 2158
2049 1882
2050 1256
2051 2176
2053 2468
2054 2962
2055 1763
2056 2566
2057 771
2058 2020
2059 2136
2061 3764
2062 2917
2063 2280
2064 2272
2065 946
2066 2707
2067 2295
2068 3048
2069 1801
2070 2974
2071 1820
2072 1777
2073 1333
2075 1679
2076 2482
2077 1585
2078 1634
2079 298
2080 3483
2081 3011
2082 3012
2083 2567
2084 1612
2085 1321
2086 1339
2087 3726
2088 1808
2089 2152
2090 107
2091 565
2092 1004
2093 3706
2094 2124
2095 357
2096 1677
2097 2968
2098 997
2099 1891
2100 2854
2101 3605
2102 3318
2103 1632
2104 1894
2105 2834
2106 294
2107 3821
2108 2924
2109 3134
2110 3135
2111 2469
2112 787
2113 1329
2114 2869
2115 2506
2116 2892
2117 3765
2118 710
2119 3825
2120 468
2121 2004
2122 3810
2123 2904
2124 3188
2125 2922
2126 3337
2127 3518
2128 2935
2129 1792
2130 1099
2131 3315
2132 2447
2133 2021
2134 2735
2135 1306
2136 2466
2137 2256
2138 2835
2139 3932
2140 1977
2141 3463
2142 919
2143 2452
2144 3487
2145 1191
2146 1001
2147 1700
2148 2318
2149 66
2150 2085
2151 427
2152 2278
2153 2879
2154 3174
2155 3742
2156 2572
2157 2723
2158 2259
2159 2133
2160 3770
2161 2343
2162 2647
2163 1278
2164 2624
2165 2668
2166 926
2167 1863
2168 2832
2169 742
2170 3812
2171 623
2172 2810
2173 3462
2174 304
2175 527
2176 2890
2177 3223
2178 3224
2179 3265
2180 2683
2181 2179
2182 3563
2183 2181
2184 3162
2185 2358
2186 2184
2187 3477
2188 3478
2189 1793
2190 1788
2191 1394
2192 3677
2193 2327
2194 299
2195 2328
2196 3273
2197 1226
2198 2936
2199 2175
2200 982
2201 1824
2202 3938
2203 1164
2204 689
2205 1578
2206 2390
2207 2761
2208 789
2209 3918
2210 3386
2211 1331
2212 1332
2213 1131
2214 2942
2215 2844
2216 1427
2217 2598
2218 3053
2219 756
2220 2819
2221 2857
2222 3050
2223 1106
2224 2678
2225 1349
2226 3616
2227 3828
2228 3674
2229 1205
2230 2695
2231 2240
2232 3695
2233 2028
2234 3808
2235 276
2236 1539
2237 1943
2238 3136
2239 1916
2240 1544
2241 3066
2242 573
2243 744
2244 80
2245 3342
2246 3185
2247 2693
2248 3681
2249 3849
2250 1589
2251 3376
2252 300
2253 690
2254 3182
2255 2297
2256 72
2257 2355
2258 1102
2260 2937
2261 1303
2262 2073
2263 2212
2264 1042
2265 3211
2266 3150
2267 3834
2268 3457
2269 1509
2270 1591
2271 1592
2272 1397
2273 3001
2274 3002
2275 3912
2276 3340
2277 3712
2278 2768
2279 851
2280 2377
2281 3301
2282 2285
2283 2578
2284 2075
2285 2213
2286 3950
2287 2787
2288 2649
2289 2009
2290 1184
2291 3171
2292 2385
2293 3184
2294 2606
2295 1258
2296 3752
2297 502
2298 1415
2299 3715
2300 1626
2301 2300
2302 2544
2303 2476
2304 1066
2305 3551
2306 1132
2307 1064
2308 1976
2309 2046
2310 3163
2311 3953
2312 3954
2313 902
2314 1124
2315 3357
2316 2736
2317 3014
2318 1307
2319 1308
2320 1309
2321 1734
2322 1464
2323 1552
2324 1811
2325 289
2326 2039
2327 1816
2328 2000
2329 1756
2330 1838
2331 3080
2332 3667
2333 3399
2334 1117
2335 1400
2336 795
2337 1399
2338 3355
2339 2705
2340 1970
2341 460
2342 2545
2343 3029
2344 2231
2345 1127
2346 1667
2347 2356
2348 931
2349 932
2350 2054
2351 2717
2352 3833
2353 2925
2354 661
2355 1296
2356 3069
2357 3600
2358 3930
2359 1839
2360 2232
2361 3684
2362 399
2363 175
2364 2403
2365 1935
2366 433
2367 1252
2368 3666
2369 3237
2370 290
2371 3395
2372 1991
2373 3013
2374 3659
2375 2367
2376 2264
2377 3683
2378 799
2379 3144
2380 936
2381 770
2382 745
2383 1428
2384 2227
2385 3688
2386 662
2387 3186
2388 2627
2389 3557
2390 3558
2391 2362
2392 2611
2393 616
2394 2063
2395 1880
2396 1796
2397 2408
2398 3626
2399 3191
2400 3507
2401 1192
2402 279
2403 2153
2404 2378
2405 1364
2406 3564
2407 2448
2408 890
2409 813
2410 617
2411 2077
2412 2228
2413 3295
2414 1461
2415 2604
2416 2050
2417 3847
2418 103
2419 2286
2420 1316
2421 3236
2422 1668
2423 1645
2424 1644
2425 2209
2426 3727
2427 3261
2428 1887
2429 3811
2430 1878
2431 2525
2432 2670
2433 2673
2434 3364
2435 2494
2436 1250
2437 2777
2438 2198
2439 3759
2440 1560
2441 2871
2442 1282
2443 1111
2444 2037
2445 1055
2446 2980
2447 1660
2448 1637
2449 2292
2450 3093
2451 1283
2452 759
2453 615
2454 2471
2455 2472
2456 2473
2457 2609
2458 2415
2459 2576
2460 2089
2461 1686
2462 2775
2463 2185
2464 1708
2465 1709
2466 1840
2467 1411
2468 1503
2469 1614
2470 1973
2471 3906
2472 1034
2473 3603
2474 3768
2475 3697
2476 1690
2477 2726
2478 2641
2479 3166
2480 2250
2481 3721
2482 2091
2483 2092
2484 1026
2485 3685
2486 2644
2487 560
2488 1895
2489 2489
2490 1412
2491 3610
2492 3941
2493 2698
2494 3219
2495 3783
2496 2269
2497 2618
2498 1449
2499 2161
2500 2044
2501 1641
2502 2862
2503 1160
2504 2118
2505 3023
2506 1866
2507 859
2508 2486
2509 2637
2510 1672
2511 1971
2512 1712
2513 568
2514 2283
2515 3876
2516 2456
2517 574
2518 2910
2519 1561
2520 1240
2521 875
2522 3550
2523 2119
2524 3243
2525 1213
2526 3061
2527 2052
2528 3356
2529 667
2530 593
2531 1673
2532 2586
2533 1778
2534 1525
2535 2915
2536 2916
2537 108
2538 3800
2539 2266
2540 811
2541 1409
2542 391
2543 3594
2544 3736
2545 2005
2546 1749
2547 2900
2548 2443
2549 3381
2550 2503
2551 2686
2552 3349
2553 3110
2554 2463
2555 3240
2556 2782
2557 2364
2558 1995
2559 1330
2560 3859
2561 1933
2562 2116
2563 3109
2564 3925
2565 2444
2566 2538
2567 529
2568 1906
2569 2951
2570 2010
2571 3690
2572 1455
2573 696
2574 2792
2575 3019
2576 3883
2577 2692
2578 2671
2579 2939
2580 1714
2581 1651
2582 2530
2583 3484
2584 3485
2585 2963
2586 3573
2587 2973
2588 3512
2589 2878
2590 3521
2591 3661
2592 2423
2593 2943
2594 3718
2595 3819
2596 1950
2597 2863
2598 2626
2599 3173
2600 3269
2601 3327
2602 3389
2603 2007
2604 1893
2605 3588
2606 2817
2607 2816
2608 1874
2609 3698
2610 3326
2611 1648
2612 2391
2613 2172
2614 3307
2615 2187
2616 2997
2617 3842
2618 1182
2619 1923
2620 2661
2621 3118
2622 3112
2623 1931
2624 3429
2625 2853
2626 3792
2627 3531
2628 2382
2629 1482
2630 3704
2631 1836
2632 3853
2633 1340
2634 3095
2635 2196
2636 2036
2637 3773
2638 1888
2639 3657
2640 1794
2641 1871
2642 3367
2643 3368
2644 2688
2645 2600
2646 3640
2647 1358
2648 2970
2649 3823
2650 3672
2651 2957
2652 1072
2653 3936
2654 3916
2655 2015
2656 3885
2657 2651
2658 252
2659 1830
2660 2323
2661 3528
2662 2952
2663 3350
2664 1596
2665 2330
2666 417
2667 2467
2668 350
2669 2744
2671 1857
2672 3796
2673 2130
2674 1972
2675 3018
2676 852
2677 3312
2678 2271
2679 2017
2680 2574
2681 2105
2682 3140
2683 3412
2684 282
2685 3837
2686 827
2687 3731
2688 2706
2689 1784
2690 2953
2691 2902
2692 2765
2693 3083
2694 1831
2695 2865
2696 1698
2697 1616
2698 1852
2699 3542
2700 1537
2701 1619
2702 3325
2703 1382
2704 2416
2705 3247
2706 1593
2707 3146
2708 3955
2709 1743
2710 305
2711 2721
2712 3612
2713 3176
2714 1363
2715 2713
2716 2798
2717 2547
2718 3861
2719 2066
2720 3394
2721 2845
2722 2828
2723 2911
2724 1356
2725 2465
2726 1540
2727 3020
2728 3423
2729 3147
2730 2516
2731 2517
2732 2518
2733 1646
2734 3041
2735 2846
2736 3843
2737 739
2738 2296
2739 3251
2740 1259
2741 915
2742 1761
2743 3034
2744 3534
2745 211
2746 3168
2747 760
2748 3200
2749 1951
2750 2785
2751 3520
2752 3042
2753 2211
2754 3270
2755 2219
2756 3431
2757 2526
2758 2642
2759 2018
2760 2417
2761 3436
2762 1155
2763 3424
2764 3212
2765 765
2766 2195
2767 2396
2768 285
2769 2601
2770 3814
2771 3815
2772 3646
2773 2739
2774 2243
2775 2663
2776 2405
2777 485
2778 3415
2779 2573
2780 2847
2781 3874
2782 3365
2783 253
2784 1833
2785 81
2786 2861
2787 2394
2788 231
2789 3100
2790 3680
2791 3128
2792 2583
2793 2945
2794 3947
2795 3948
2796 1682
2797 3839
2798 3333
2799 3334
2800 1260
2801 1261
2802 2555
2803 1173
2804 3895
2805 3613
2806 769
2807 934
2808 3010
2809 386
2810 1666
2811 3281
2812 1754
2813 1926
2814 2251
2815 3153
2816 3374
2817 400
2818 1996
2819 1997
2820 2969
2821 3595
2822 2096
2823 3851
2824 3441
2825 3763
2826 295
2827 2971
2828 2628
2829 3070
2830 2570
2831 176
2832 3022
2833 2812
2834 3494
2835 331
2836 332
2837 1392
2838 3548
2839 1548
2840 2620
2841 3464
2842 2638
2843 2639
2844 956
2845 2041
2846 2262
2847 2263
2848 2894
2849 3703
2850 1958
2851 2881
2852 2086
2853 1779
2854 2324
2855 2325
2856 2326
2857 283
2858 3793
2859 2728
2860 1446
2861 1447
2862 2905
2863 2724
2864 1444
2865 895
2866 2778
2867 1517
2868 2291
2869 2106
2870 2186
2871 1137
2872 3780
2873 2347
2874 888
2875 3089
2876 3077
2877 609
2878 1200
2879 3789
2880 3451
2881 3872
2882 828
2883 3359
2884 2523
2885 3846
2886 2329
2887 2454
2888 732
2889 788
2890 2745
2891 3378
2892 1337
2893 3455
2894 3456
2895 1297
2896 3567
2897 3679
2898 3637
2899 641
2900 2866
2901 3258
2902 3294
2903 716
2904 717
2905 2369
2906 2636
2907 1141
2908 1230
2909 1231
2910 2979
2911 1746
2912 1052
2913 3740
2914 3694
2915 1430
2916 2722
2917 344
2918 1723
2919 3155
2920 2996
2921 1803
2922 2413
2923 973
2924 2344
2925 2746
2926 3097
2927 3421
2928 3051
2929 3502
2930 3489
2931 3383
2932 3384
2933 3914
2934 2820
2935 3217
2936 3799
2937 3787
2938 719
2939 2203
2940 2197
2941 2048
2942 1187
2943 2940
2944 2679
2945 3831
2946 3951
2947 3102
2948 3201
2949 3214
2950 1247
2951 1762
2952 780
2953 781
2954 663
2955 2944
2956 2720
2957 2849
2958 1627
2959 3737
2960 3647
2961 3648
2962 3649
2963 1780
2964 747
2965 3346
2966 2531
2967 2829
2968 2978
2969 1594
2970 3314
2971 3220
2972 3090
2973 3139
2974 3867
2975 1508
2976 2669
2977 3450
2978 2210
2979 968
2980 2462
2981 2740
2982 3428
2983 187
2984 3257
2985 1506
2986 1940
2987 1431
2988 1551
2989 3280
2990 2684
2991 345
2992 1507
2993 1613
2994 2877
2995 2475
2996 2581
2997 1327
2998 403
2999 3873
3000 891
3001 3286
3002 3287
3003 3658
3004 2955
3005 1855
3006 2830
3007 2562
3008 1586
3009 3418
3010 3078
3011 2923
3012 1713
3013 2605
3014 2515
3015 3248
3016 1013
3017 1318
3018 1241
3019 2451
3020 1814
3021 2497
3022 2498
3023 1014
3024 2582
3025 1790
3026 147
3027 3791
3028 861
3029 532
3030 3165
3031 1138
3032 766
3033 1396
3034 2859
3035 3275
3036 911
3037 3393
3038 3129
3039 1083
3040 3741
3041 3717
3042 1229
3043 2252
3044 2432
3045 3747
3046 782
3047 1865
3048 2993
3049 3634
3050 2873
3051 2874
3052 2800
3053 1553
3054 2244
3055 1518
3056 3662
3057 1242
3058 3623
3059 3624
3060 3675
3061 442
3062 664
3063 1429
3064 2743
3065 1512
3066 2134
3067 3379
3068 1791
3069 3620
3070 2988
3071 3092
3072 2253
3073 3515
3074 665
3075 3377
3076 969
3077 3762
3078 3794
3079 3235
3080 2093
3081 2691
3082 3320
3083 3771
3084 2317
3085 2074
3086 3300
3087 2824
3088 3618
3089 2682
3090 2732
3091 912
3092 2165
3093 666
3094 3908
3095 2370
3096 2919
3097 1251
3098 2491
3099 2718
3100 2880
3101 3638
3102 3015
3103 2755
3104 3179
3105 3700
3106 1825
3107 3709
3108 2630
3109 3268
3110 3699
3111 1692
3112 1905
3113 3085
3114 3886
3115 3526
3116 1346
3117 1139
3118 2975
3119 3570
3120 469
3121 3572
3122 3604
3123 3615
3124 3351
3125 1879
3126 3813
3127 3221
3128 3801
3129 1724
3130 3497
3131 3956
3132 2884
3133 2826
3134 3319
3135 1393
3136 2898
3137 2109
3138 1324
3139 1481
3140 2992
3141 610
3142 1741
3143 2579
3144 3298
3145 259
3146 1107
3147 2477
3148 1701
3149 1989
3150 2478
3151 2479
3152 3578
3153 2218
3154 2808
3155 3702
3156 2149
3157 2737
3158 2381
3159 2760
3160 2233
3161 1892
3162 533
3163 2359
3164 3654
3165 3017
3166 1123
3167 2182
3168 3308
3169 3898
3170 1750
3171 3774
3172 3775
3173 3673
3174 1128
3175 2110
3176 2111
3177 1569
3178 692
3179 1073
3180 188
3181 1757
3182 3202
3183 26
3184 2045
3185 1598
3186 1952
3187 3655
3188 1889
3189 2460
3190 1835
3191 3006
3192 1281
3193 3822
3194 2132
3195 3250
3196 2274
3197 2162
3198 3390
3199 3467
3200 1925
3201 2275
3202 1236
3203 3160
3204 3309
3205 3884
3206 3343
3207 3079
3208 3438
3209 3003
3210 2395
3211 2986
3212 1982
3213 2584
3214 3524
3215 1804
3216 1046
3217 3597
3218 3899
3219 2580
3220 2699
3221 1983
3222 1984
3223 3116
3224 3164
3225 2338
3226 2481
3227 3781
3228 3782
3229 2629
3230 3479
3231 1664
3232 1541
3233 2625
3234 3711
3235 3341
3236 2587
3237 2852
3238 1751
3239 3310
3240 2339
3241 3449
3242 346
3243 1809
3244 2178
3245 3425
3246 2610
3247 3322
3248 2650
3249 3922
3250 3656
3251 3094
3252 2352
3253 1441
3254 3267
3255 2346
3256 2342
3257 2655
3258 2320
3259 3115
3260 3338
3261 1810
3262 3514
3263 52
3264 3926
3265 1457
3266 2804
3267 1108
3268 3249
3269 3344
3270 3345
3271 2501
3272 2345
3273 3130
3274 2128
3275 2188
3276 3641
3277 3178
3278 2867
3279 3543
3280 2504
3281 3081
3282 1570
3283 3743
3284 2166
3285 3660
3286 1150
3287 1567
3288 1721
3289 3621
3290 2889
3291 1442
3292 1993
3293 2703
3294 2897
3295 3816
3296 2169
3297 1912
3298 3744
3299 3391
3300 668
3301 1119
3302 2563
3303 1805
3304 1357
3305 2770
3306 1335
3307 3426
3308 2891
3309 3809
3310 2245
3311 2057
3312 809
3313 928
3314 658
3315 339
3316 3253
3317 1254
3318 2372
3319 1032
3320 2532
3321 3928
3322 2797
3323 3644
3324 2107
3325 2658
3326 3197
3327 550
3328 3028
3329 1764
3330 2821
3331 3043
3332 713
3333 2485
3334 3746
3335 498
3336 1978
3337 1090
3338 2434
3339 3387
3340 2858
3341 2288
3342 3786
3343 3944
3344 3608
3345 3317
3346 2809
3347 3271
3348 3887
3349 2144
3350 2174
3351 2983
3352 714
3353 3589
3354 3590
3355 3284
3356 3591
3357 1527
3358 3952
3359 3413
3360 3414
3361 3199
3362 2759
3363 1103
3364 3541
3365 2912
3366 3818
3367 2164
3368 1844
3369 3857
3370 2302
3371 1571
3372 1572
3373 3924
3374 1797
3375 3408
3376 3385
3377 1062
3378 993
3379 3748
3380 3496
3381 743
3382 1043
3383 3877
3384 3005
3385 3490
3386 1727
3387 3360
3388 2113
3389 2206
3390 3617
3391 3670
3392 3545
3393 3142
3394 3143
3395 1699
3396 2167
3397 1849
3398 2631
3399 3784
3401 3790
3405 2380
3406 2446
3407 2652
3408 3380
3409 3832
3410 2121
3411 2122
3412 1419
3413 1944
3414 1398
3415 3852
3416 2522
3417 2147
3418 2680
3419 2956
3420 2373
3421 3907
3422 1979
3423 3555
3424 1909
3425 1486
3426 2928
3427 3728
3428 693
3429 2450
3430 2789
3431 2906
3432 1665
3433 2914
3434 3527
3435 1980
3436 3664
3437 3037
3438 2719
3439 783
3440 249
3441 1554
3442 1555
3443 1655
3444 1212
3445 3708
3446 3274
3447 3633
3448 3302
3449 3769
3450 3065
3451 3475
3452 2340
3453 2556
3454 814
3455 815
3456 3459
3457 3652
3458 3245
3459 2067
3460 284
3461 2779
3462 2612
3463 2311
3464 2404
3465 3945
3466 3946
3467 3508
3468 3863
3469 2312
3470 3546
3471 3891
3472 3371
3473 2034
3474 3159
3475 3519
3476 2833
3477 3900
3478 1621
3479 1456
3480 3869
3481 3893
3482 3894
3483 3405
3484 2754
3485 3575
3486 3296
3487 2521
3488 1284
3489 3406
3490 1368
3491 3671
3492 3445
3493 3226
3494 2431
3495 2616
3496 2793
3497 3316
3498 2634
3499 1717
3500 2730
3501 1992
3502 3723
3503 1638
3504 3167
3505 3701
3506 2825
3507 3663
3508 2234
3509 2235
3510 2764
3511 2657
3512 2194
3513 3504
3514 2667
3515 3734
3516 2148
3517 401
3518 3234
3519 2751
3520 1006
3521 1039
3522 3910
3523 3807
3524 347
3525 2457
3526 1930
3527 3233
3528 2375
3529 2511
3530 3830
3532 114
3533 3535
3534 1858
3535 2788
3536 3416
3537 3635
3538 1990
3539 3940
3540 2836
3542 3272
3543 2681
3544 3927
3545 2803
3546 3880
3547 3565
3548 3230
3549 3372
3550 3086
3551 2733
3552 2734
3553 3522
3554 3410
3555 3108
3556 2303
3557 2418
3558 1040
3559 3289
3560 3552
3561 3745
3562 2357
3563 3576
3564 3755
3565 3517
3566 3627
3567 3331
3568 3332
3569 2864
3570 3506
3571 3724
3572 3313
3573 2306
3574 2307
3575 2308
3576 2309
3577 1183
3578 2941
3579 2954
3580 3411
3581 2843
3582 3628
3583 2502
3584 3038
3585 2613
3586 2780
3587 3848
3588 2886
3589 3919
3590 3750
3591 3650
3592 1416
3593 2374
3594 3785
3595 1837
3596 3156
3597 3739
3598 3817
3599 2437
3600 2850
3601 1573
3602 3639
3603 3195
3604 2238
3605 2201
3606 1390
3607 3897
3608 3492
3609 2773
3610 2529
3611 3288
3612 2490
3613 2406
3614 2552
3615 3123
3616 3609
3617 3299
3618 3931
3619 3084
3620 2062
3621 3691
3622 2762
3623 2310
3624 2539
3625 2784
3626 2265
3627 3544
3628 3607
3629 3757
3630 3481
3631 3523
3632 2001
3633 3530
3634 3088
3635 3820
3636 3753
3637 3435
3638 3696
3639 2831
3640 2811
3641 3766
3642 3687
3643 1579
3644 348
3645 2588
3646 2060
3647 1945
3648 3106
3649 2689
3650 1253
3651 3203
3652 395
3653 2131
3654 3917
3655 2771
3656 2135
3658 3409
3659 3392
3660 2426
3661 3404
3662 1936
3663 2321
3664 3323
3665 3525
3666 2425
3667 548
3668 3244
3669 2242
3670 3510
3671 1728
3672 3480
3673 3888
3674 3889
3675 1575
3676 3363
3677 3836
3678 3868
3680 365
3681 3829
3682 3682
3683 802
3684 2645
3685 2646
3686 3052
3687 3795
3688 2127
3689 3943
3690 2533
3691 2868
3692 2767
3693 2333
3694 3330
3695 2596
3696 3189
3697 2386
3698 2387
3699 2388
3700 1385
3701 3934
3702 3566
3703 356
3704 2199
3705 2064
3706 2353
3707 2594
3708 3103
3709 3104
3710 1964
3711 3915
3712 3098
3713 1383
3714 2731
3715 3692
3716 3192
3717 3878
3718 2750
3719 3474
3720 3087
3721 1828
3722 1829
3723 3904
3724 3920
3725 3933
3726 3749
3727 3844
3728 3845
3729 3890
3730 2619
3731 3538
3732 3539
3733 3760
3734 3231
3735 2896
3736 3276
3737 3871
3738 3722
3739 1126
3740 3866
3741 3293
3742 3439
3743 3440
3744 3121
3745 2524
3746 2277
3747 3473
3748 3714
3749 3864
3750 3611
3751 3725
3752 3860
3753 2260
3754 3498
3755 3858
3756 3574
3757 1742
3758 2664
3759 2790
3760 3923
3761 2236
3762 2237
3763 3398
3764 3598
3765 2055
3766 3949
3767 2966
3768 2855
3769 3283
3770 3850
3771 3935
3772 3297
3773 2313
3774 3505
3775 3254
3776 2711
3777 2981
3779 2168
3780 3719
3781 3460
3782 3937
3783 3259
3784 3260
3785 2407
3786 3579
3787 3761
3788 1222
3789 2932
3790 515
3791 1535
3792 1538
3793 2960
3794 3190
3795 2708
3796 3169
3797 3046
3798 3581
3799 2920
3800 2799
3801 3227
3802 3228
3803 3229
3804 3187
3805 1154
3809 3126
3810 3434
3811 3225
3812 3716
3813 2653
3814 2654
3815 3676
3816 2138
3817 1359
3818 3511
3819 2129
3820 2560
3821 2040
3822 3161
3823 3468
3824 3778
3825 1287
3826 3049
3827 2507
3829 3599
3830 3255
3831 2550
3832 3892
3833 3509
3834 2752
3835 2200
3836 3584
3837 2453
3838 2569
3839 1299
3840 1267
3841 3536
3842 470
3843 1599
3844 2712
3845 2099
3846 3433
3847 2371
3848 3117
3849 2742
3850 1845
3851 1846
3852 2913
3853 3788
3854 3710
3855 3352
3856 3353
3857 1813
3858 3642
3859 1955
3860 3172
3861 3021
3862 3238
3863 3826
3864 3827
3865 3503
3867 2998
3868 2999
3869 2827
3870 3625
3871 2257
3872 3587
3873 2592
3874 3113
3875 3242
3876 1500
3877 1501
3878 3262
3879 3263
3880 3127
3881 2145
3882 3909
3883 3756
3884 3645
3885 3881
3886 3446
3887 3447
3888 3705
3889 1216
3890 2875
3891 2876
3892 1603
3893 3754
3894 3865
3895 3606
3896 3290
3897 3025
3898 3855
3899 2561
3900 3896
3901 2929
3902 2930
3903 3862
3904 3942
3905 3729
3906 3636
3907 2536
3908 2818
3909 3470
3910 3471
3911 3472
3912 3614
3913 3882
3914 3311
3915 3929
3916 2435
3917 2436
3918 2419
3919 3213
3920 3693
3921 955
3922 3601
3923 3324
3924 3141
3925 3533
3926 2813
3927 3738
3928 3458
3929 3033
3930 3239
3931 2622
3932 3592
3933 3593
3934 3488
3935 1868
3936 2076
3937 2949
3938 2348
3939 2349
3940 2617
3942 3045
3944 651
3945 3291
3946 3285
3947 3292
3948 3585
3949 2146
3950 1237
3951 3277
3952 3400
3953 3401
3954 3939
3955 3138
3956 2541
3957 2542
3958 499
3959 500
3960 3420
3961 3580
3962 3586
3963 1417
3964 3432
3965 3361
3966 2774
3967 2150
3968 3469
3969 3875
3970 3252
3971 3797
3972 3798
3973 3499
3974 3500
3975 3772
3976 2365
3977 3751
3978 3208
3979 2623
3980 3779
3981 1821
3982 2938
3983 3720
3984 3027
3985 2934
3986 396
3987 3668
3988 1148
3989 1149
3990 3669
3991 3278
3992 3279
